0.00830092599723882
0.00716688371345628
0.00690401158741927
0.00675122242245324
0.00648563233307054
0.00623815345576170
0.00675833743450525
0.00670693163979901
0.00644764249967711
0.00518699963939442
0.00385096352575410
0.00285629732097390
0.00195201346976665
0.00161173683429846
0.00111613920992357
0.000952009224712110
0.000750987609613034
0.000336190942207719
0.000672947052147848
0.000476326480803906
0
0
0.000335965045406967
0
0
0.000337780765814821
0
0.000336190942207719
0.000338352210133578
0.000337780765814821
0.000479394345217867
0
0
0.000339500918946731
0
0
0
0
0
0
0
0
0
0
0
0
0
0
0
0
0