0.288829251928883
0.187668463611860
0.170707070707071
0.161159811193527
0.146226415094340
0.133892617449664
0.160973960094691
0.158692722371968
0.145107238605898
0.0873819163292848
0.0463242698892246
0.0248823133826496
0.0114478114478114
0.00775978407557355
0.00370869858395145
0.00269632625547691
0.00168067226890756
0.000336247478143914
0.00134680134680135
0.000673854447439353
0
0
0.000336021505376344
0
0
0.000337837837837838
0
0.000336247478143914
0.000338409475465313
0.000337837837837838
0.000678195998643608
0
0
0.000339558573853990
0
0
0
0
0
0
0
0
0
0
0
0
0
0
0
0
0