e,b,pAB,pAB_err,pBB,pBB_err
0.0001,0.0,0.2729331823329558,0.008655145091076651,0.0,0.0
0.0001,90.0,0.2486712224753227,0.00842209025405889,0.0,0.0
0.0001,180.0,0.21682600382409178,0.008058402687725393,0.0,0.0
0.0001,270.0,0.18376550169109357,0.007507874910672176,0.0,0.0
0.0001,360.0,0.17219530376444278,0.007288938032332132,0.0,0.0
0.0001,450.0,0.1699887175629936,0.0072843847750558325,0.0,0.0
0.0001,540.0,0.18253968253968253,0.007509604503748449,0.0,0.0
0.0001,630.0,0.16572291430728578,0.007224461142524308,0.0,0.0
0.0001,720.0,0.16635583737411413,0.007192187023147489,0.0,0.0
0.0001,810.0,0.15007541478129713,0.0069351875817954866,0.0,0.0
0.0001,900.0,0.1557408109132247,0.007058613767396917,0.0,0.0
0.0001,990.0,0.1586998087954111,0.007145421443393915,0.0,0.0
0.0001,1080.0,0.1618366578848325,0.007145078502068061,0.0,0.0
0.0001,1170.0,0.1416635017090771,0.006795671026399843,0.0,0.0
0.0001,1260.0,0.16363636363636364,0.0072000500874791745,0.0,0.0
0.0001,1350.0,0.16243847027641045,0.007177424050310939,0.0,0.0
0.0001,1440.0,0.17732115677321156,0.007450454414288043,0.0,0.0
0.0001,1530.0,0.1800376647834275,0.007456694916280604,0.0,0.0
0.0001,1620.0,0.19312977099236642,0.007712156126393161,0.0,0.0
0.0001,1710.0,0.19180704441041346,0.007703768447113158,0.00038284839203675346,0.0003827750985753684
0.0001,1800.0,0.1820964039785769,0.007548296514721552,0.00038255547054322876,0.00038248228919955717
0.0001,1890.0,0.18063528511289706,0.007526104052317288,0.0,0.0
0.0001,1980.0,0.14655839133797371,0.0069546934322944785,0.0,0.0
0.0001,2070.0,0.13876911015288124,0.006844645683140776,0.0,0.0
0.0001,2160.0,0.10366574694521088,0.006051909201927359,0.0,0.0
0.0001,2250.0,0.08029480217222654,0.005352129094863065,0.0,0.0
0.0001,2340.0,0.06128904705417161,0.004769611022939664,0.0,0.0
0.0001,2430.0,0.05606000789577576,0.004570683776176246,0.0,0.0
0.0001,2520.0,0.040647198105761645,0.003922845247394921,0.0,0.0
0.0001,2610.0,0.03508080409932992,0.003652750502966672,0.0,0.0
0.0001,2700.0,0.021808088818398096,0.0029083608918282753,0.0,0.0
0.0001,2790.0,0.021496815286624203,0.002893732397640605,0.0,0.0
0.0001,2880.0,0.013529645841623557,0.002304565144098097,0.0,0.0
0.0001,2970.0,0.007593924860111911,0.0017355383002339911,0.0,0.0
0.0001,3060.0,0.010004001600640256,0.001990767159312936,0.0,0.0
0.0001,3150.0,0.004430124848973017,0.0013327708839391442,0.0,0.0
0.0001,3240.0,0.0028022417934347476,0.0010576628074380513,0.0,0.0
0.0001,3330.0,0.0004,0.00039991999199839965,0.0,0.0
0.0001,3420.0,0.0,0.0,0.0,0.0
0.0001,3510.0,0.0015885623510722795,0.0007936500422020435,0.0,0.0
0.0001,3600.0,0.0008054772452678212,0.0005693289928365178,0.0,0.0
0.0001,3690.0,0.0016246953696181965,0.0008116875077924453,0.0,0.0
0.0001,3780.0,0.0008084074373484236,0.0005713992790694831,0.0,0.0
0.0001,3870.0,0.0008077544426494346,0.0005709379153237297,0.0,0.0
0.0001,3960.0,0.0,0.0,0.0,0.0
0.0001,4050.0,0.000814000814000814,0.0005753511842483359,0.0,0.0
0.0001,4140.0,0.0,0.0,0.0,0.0
0.0001,4230.0,0.0007996801279488205,0.000565233102774886,0.0,0.0
0.0001,4320.0,0.0012096774193548388,0.0006979850319288736,0.0,0.0
0.0001,4410.0,0.0,0.0,0.0,0.0
0.0001,4500.0,0.0004014452027298274,0.0004013646155157805,0.0,0.0
0.001,0.0,0.29852996607614024,0.00888443680123024,0.0,0.0
0.001,70.0,0.25037707390648567,0.00841263313222368,0.0,0.0
0.001,140.0,0.2198952879581152,0.008009468739459673,0.0,0.0
0.001,210.0,0.18660647103085026,0.0075567702442115355,0.0,0.0
0.001,280.0,0.1931216931216931,0.0076740500966359275,0.0007558578987150416,0.0005342702150766612
0.001,350.0,0.18633776091081594,0.007585464972559542,0.0,0.0
0.001,420.0,0.1717557251908397,0.007368586512796611,0.0,0.0
0.001,490.0,0.16372512204280887,0.0071704531651524545,0.0,0.0
0.001,560.0,0.18316831683168316,0.007548212252107645,0.0007616146230007616,0.0005383377444512275
0.001,630.0,0.17109826589595376,0.007392743651113535,0.0,0.0
0.001,700.0,0.178544061302682,0.007496259079198244,0.0,0.0
0.001,770.0,0.19227857683573052,0.007667077333601337,0.0003785011355034065,0.0003784294971691785
0.001,840.0,0.19923954372623573,0.007788632350695178,0.00038022813688212925,0.00038015584329142315
0.001,910.0,0.20270793036750484,0.00790703785948113,0.0,0.0
0.001,980.0,0.19685341519570224,0.0077889995663515225,0.0,0.0
0.001,1050.0,0.18495540907328423,0.007645370424068207,0.0,0.0
0.001,1120.0,0.15818111154294598,0.0071939390080003746,0.0,0.0
0.001,1190.0,0.11492014024152708,0.006294719301315263,0.0,0.0
0.001,1260.0,0.09180070615927814,0.005719112942350941,0.0,0.0
0.001,1330.0,0.0698776154757205,0.0050654903408133365,0.0,0.0
0.001,1400.0,0.0584,0.004689965458294976,0.0,0.0
0.001,1470.0,0.035685645549318364,0.0037145642099533542,0.0,0.0
0.001,1540.0,0.026474127557160047,0.0032153143455427085,0.0,0.0
0.001,1610.0,0.023107569721115537,0.002998911485304786,0.0,0.0
0.001,1680.0,0.016012810248198558,0.0025114948033749546,0.0,0.0
0.001,1750.0,0.0072668550666128385,0.0017065794316413415,0.0,0.0
0.001,1820.0,0.005235602094240838,0.0014482884707624872,0.0,0.0
0.001,1890.0,0.0012205044751830757,0.00070422843652415,0.0,0.0
0.001,1960.0,0.002426202992317024,0.0009892909254219193,0.0,0.0
0.001,2030.0,0.0012229922543823889,0.0007056630008883211,0.0,0.0
0.001,2100.0,0.002443991853360489,0.0009965354970171165,0.0,0.0
0.001,2170.0,0.0016214025131738954,0.0008100437534320777,0.0,0.0
0.001,2240.0,0.0024164317358034634,0.0009853114943130824,0.0,0.0
0.001,2310.0,0.0004068348250610252,0.00040675205935473475,0.0,0.0
0.001,2380.0,0.0016266775111834079,0.0008126769664214305,0.0,0.0
0.001,2450.0,0.0008087343307723412,0.0005716302406695665,0.0,0.0
0.001,2520.0,0.0003977724741447892,0.0003976933548055392,0.0,0.0
0.001,2590.0,0.0008032128514056225,0.0005677291128617122,0.0,0.0
0.001,2660.0,0.0,0.0,0.0,0.0
0.001,2730.0,0.0012087026591458502,0.0006974229346742759,0.0,0.0
0.001,2800.0,0.0007964954201513341,0.0005629829720699425,0.0,0.0
0.001,2870.0,0.001182033096926714,0.0006820436698962763,0.0,0.0
0.001,2940.0,0.0007920792079207921,0.0005598627195414473,0.0,0.0
0.001,3010.0,0.00039556962025316455,0.0003954913748522897,0.0,0.0
0.001,3080.0,0.0003951007506914263,0.0003950226906786737,0.0,0.0
0.001,3150.0,0.0003912363067292645,0.0003911597663183336,0.0,0.0
0.001,3220.0,0.0011976047904191617,0.0006910232896945298,0.0,0.0
0.001,3290.0,0.00039231071008238524,0.0003922337486868272,0.0,0.0
0.001,3360.0,0.0011705033164260631,0.0006753947815674273,0.0,0.0
0.001,3430.0,0.0,0.0,0.0,0.0
0.001,3500.0,0.0007595898214963919,0.0005369070828805944,0.0,0.0
0.01,0.0,0.300034566194262,0.008520198754980033,0.0003456619426201175,0.00034560219636738186
0.01,64.0,0.2267220491519557,0.00779006213353961,0.00034614053305642093,0.0003460806212371827
0.01,128.0,0.1567344126765415,0.006747468275534346,0.0,0.0
0.01,192.0,0.18506944444444445,0.0072365475092262,0.0,0.0
0.01,256.0,0.1615036547163244,0.006865528135934603,0.0,0.0
0.01,320.0,0.1506086956521739,0.0066705248198747555,0.0,0.0
0.01,384.0,0.1648770349844129,0.006906084783591771,0.0,0.0
0.01,448.0,0.15871369294605808,0.006794851414565108,0.00034578146611341634,0.0003457216785334564
0.01,512.0,0.180773249738767,0.007182118210148957,0.00034831069313827936,0.0003482500276857356
0.01,576.0,0.16637660981552385,0.006948055329246628,0.0006961364427427776,0.0004920714353905088
0.01,640.0,0.13579387186629527,0.0063922910197477265,0.0,0.0
0.01,704.0,0.09617373319544985,0.0054738999102157265,0.0,0.0
0.01,768.0,0.05396935933147632,0.004216324373235937,0.0,0.0
0.01,832.0,0.03487569060773481,0.0034092100239932798,0.0,0.0
0.01,896.0,0.021343596920923722,0.0027034467147973116,0.0,0.0
0.01,960.0,0.013208202989224887,0.002128456122421799,0.0,0.0
0.01,1024.0,0.006995452955578874,0.0015587499805156896,0.0,0.0
0.01,1088.0,0.0031512605042016808,0.0010487637883223261,0.0,0.0
0.01,1152.0,0.001049317943336831,0.0006055060626302553,0.0,0.0
0.01,1216.0,0.0035310734463276836,0.0011146502844316003,0.0,0.0
0.01,1280.0,0.0017618040873854828,0.0007872083693805707,0.0,0.0
0.01,1344.0,0.0010570824524312897,0.0006099841808505917,0.0,0.0
0.01,1408.0,0.0007039774727208729,0.0004976119984124356,0.0,0.0
0.01,1472.0,0.0003562522265764161,0.000356188763099191,0.0,0.0
0.01,1536.0,0.00035549235691432633,0.00035542916388975554,0.0,0.0
0.01,1600.0,0.00035549235691432633,0.00035542916388975554,0.0,0.0
0.01,1664.0,0.000719165767709457,0.0005083441006545338,0.0,0.0
0.01,1728.0,0.0,0.0,0.0,0.0
0.01,1792.0,0.00035842293906810036,0.0003583586998097534,0.0,0.0
0.01,1856.0,0.0003570153516601214,0.00035695161599029994,0.0,0.0
0.01,1920.0,0.0003566333808844508,0.0003565697815293513,0.0,0.0
0.01,1984.0,0.0,0.0,0.0,0.0
0.01,2048.0,0.0007168458781362007,0.0005067048691466438,0.0,0.0
0.01,2112.0,0.00035549235691432633,0.00035542916388975554,0.0,0.0
0.01,2176.0,0.0003563791874554526,0.0003563156787340261,0.0,0.0
0.01,2240.0,0.00035855145213338117,0.00035848716679855104,0.0,0.0
0.01,2304.0,0.0,0.0,0.0,0.0
0.01,2368.0,0.0003526093088857546,0.00035254713674229575,0.0,0.0
0.01,2432.0,0.0,0.0,0.0,0.0
0.01,2496.0,0.00035285815102328866,0.00035279589109320133,0.0,0.0
0.01,2560.0,0.0,0.0,0.0,0.0
0.01,2624.0,0.00034940600978336826,0.0003493449621704653,0.0,0.0
0.01,2688.0,0.0,0.0,0.0,0.0
0.01,2752.0,0.0,0.0,0.0,0.0
0.01,2816.0,0.0,0.0,0.0,0.0
0.01,2880.0,0.0,0.0,0.0,0.0
0.01,2944.0,0.0,0.0,0.0,0.0
0.01,3008.0,0.0,0.0,0.0,0.0
0.01,3072.0,0.0,0.0,0.0,0.0
0.01,3136.0,0.0,0.0,0.0,0.0
0.01,3200.0,0.0,0.0,0.0,0.0
0.1,0.0,0.29509870660313137,0.008414375927416508,0.0,0.0
0.1,40.0,0.22015556307067974,0.00761979274661879,0.0006763611768684477,0.0004780978092330024
0.1,80.0,0.16102841677943167,0.006760404344729881,0.0006765899864682003,0.00047825949257591883
0.1,120.0,0.15187310158623019,0.006593333203110463,0.0006749915626054674,0.000477130000233841
0.1,160.0,0.150253807106599,0.006573226744378994,0.0006768189509306261,0.00047842128531210975
0.1,200.0,0.13213315217391305,0.00624113453485011,0.00033967391304347825,0.00033961621896016727
0.1,240.0,0.1581615410611693,0.0067079890123772695,0.0016897600540723217,0.0007550449373348981
0.1,280.0,0.16993243243243245,0.00690317692335529,0.0016891891891891893,0.0007547900703919394
0.1,320.0,0.1555404947475432,0.006671546963197721,0.0013554727211114877,0.0006772768782245842
0.1,360.0,0.14774652660115214,0.00653218423374507,0.00033886818027787193,0.00033881075959114643
0.1,400.0,0.08130081300813008,0.005030092062372632,0.0,0.0
0.1,440.0,0.05653351387948544,0.004249237284219889,0.0,0.0
0.1,480.0,0.033220338983050844,0.0032995504604390797,0.00033898305084745765,0.0003389255912232043
0.1,520.0,0.021709633649932156,0.002684085810975072,0.0,0.0
0.1,560.0,0.007121057985757884,0.0015483995082904516,0.0,0.0
0.1,600.0,0.004063664070436844,0.001170692847084376,0.0,0.0
0.1,640.0,0.002705444707473791,0.0009552243682219958,0.0,0.0
0.1,680.0,0.002036659877800407,0.0008306157782392131,0.0,0.0
0.1,720.0,0.0016914749661705007,0.0007558105719286727,0.0,0.0
0.1,760.0,0.0006807351940095302,0.0004811886072004535,0.0,0.0
0.1,800.0,0.001017293997965412,0.0005870361413868623,0.0,0.0
0.1,840.0,0.0010204081632653062,0.0005888322730029427,0.0,0.0
0.1,880.0,0.0003403675970047651,0.00034030966702442816,0.0,0.0
0.1,920.0,0.0,0.0,0.0,0.0
0.1,960.0,0.0010224948875255625,0.0005900358127296396,0.0,0.0
0.1,1000.0,0.0010193679918450561,0.0005882323424747681,0.0,0.0
0.1,1040.0,0.00034083162917518747,0.0003407735411254814,0.0,0.0
0.1,1080.0,0.0003405994550408719,0.00034054144610661137,0.0,0.0
0.1,1120.0,0.0,0.0,0.0,0.0
0.1,1160.0,0.0,0.0,0.0,0.0
0.1,1200.0,0.00034258307639602604,0.0003425243897872193,0.0,0.0
0.1,1240.0,0.0,0.0,0.0,0.0
0.1,1280.0,0.00034411562284927734,0.0003440564099738757,0.0,0.0
0.1,1320.0,0.0,0.0,0.0,0.0
0.1,1360.0,0.0,0.0,0.0,0.0
0.1,1400.0,0.0003456619426201175,0.00034560219636738186,0.0,0.0
0.1,1440.0,0.0003444712366517396,0.000344411901325031,0.0,0.0
0.1,1480.0,0.00034317089910775565,0.000343112010922147,0.0,0.0
0.1,1520.0,0.0006844626967830253,0.000483822550072692,0.0,0.0
0.1,1560.0,0.0,0.0,0.0,0.0
0.1,1600.0,0.00034281796366129587,0.000342759196546154,0.0,0.0
0.1,1640.0,0.0,0.0,0.0,0.0
0.1,1680.0,0.0,0.0,0.0,0.0
0.1,1720.0,0.00034129692832764505,0.0003412386815607173,0.0,0.0
0.1,1760.0,0.001029512697323267,0.0005940833884100811,0.0,0.0
0.1,1800.0,0.0,0.0,0.0,0.0
0.1,1840.0,0.00034258307639602604,0.0003425243897872193,0.0,0.0
0.1,1880.0,0.00034094783498124785,0.00034088970731311057,0.0,0.0
0.1,1920.0,0.0,0.0,0.0,0.0
0.1,1960.0,0.0,0.0,0.0,0.0
0.1,2000.0,0.0,0.0,0.0,0.0
1.0,0.0,0.2935440484196368,0.008350427346663488,0.0,0.0
1.0,25.0,0.19232064668238463,0.007233147927871018,0.0003368137420006736,0.0003367570154753028
1.0,50.0,0.1811740890688259,0.007074646300913712,0.0006747638326585695,0.00047696907954676977
1.0,75.0,0.16312773845635323,0.006783201544200047,0.0023592854735422987,0.0008906735513028545
1.0,100.0,0.14541160593792174,0.006474987450330856,0.00033738191632928474,0.00033732499824936404
1.0,125.0,0.15030262273032952,0.006553071948373739,0.0013449899125756557,0.0006720425546515019
1.0,150.0,0.15451797111185758,0.0066244872971469556,0.003694994961370507,0.0011120227288208453
1.0,175.0,0.16454423592493297,0.006787403329011367,0.0030160857908847183,0.0010038446564576144
1.0,200.0,0.13122476446837147,0.006193515300928634,0.0006729475100942127,0.0004756856112192377
1.0,225.0,0.08622431795217245,0.0051514511176626344,0.0006736274840013472,0.00047616610157206763
1.0,250.0,0.045714285714285714,0.003829320311628187,0.0,0.0
1.0,275.0,0.03128153380423814,0.0031926062120980763,0.0003363605785401951,0.00033630400456308314
1.0,300.0,0.016863406408094434,0.0023646519969289475,0.0,0.0
1.0,325.0,0.0050471063257065945,0.0012998645031679645,0.0,0.0
1.0,350.0,0.0030354131534569982,0.001010267595233073,0.0,0.0
1.0,375.0,0.0026954177897574125,0.0009516889003438886,0.0,0.0
1.0,400.0,0.0003368137420006736,0.0003367570154753028,0.0,0.0
1.0,425.0,0.001349527665317139,0.0006743083727128777,0.0,0.0
1.0,450.0,0.0,0.0,0.0,0.0
1.0,475.0,0.00033738191632928474,0.00033732499824936404,0.0,0.0
1.0,500.0,0.0006740815638692282,0.0004764869681079469,0.0,0.0
1.0,525.0,0.0013477088948787063,0.0006734002145279863,0.0,0.0
1.0,550.0,0.0006745362563237774,0.0004768082673698838,0.0,0.0
1.0,575.0,0.0006754474839581223,0.00047745216757814766,0.0,0.0
1.0,600.0,0.0,0.0,0.0,0.0
1.0,625.0,0.0,0.0,0.0,0.0
1.0,650.0,0.0,0.0,0.0,0.0
1.0,675.0,0.00033692722371967657,0.0003368704589608339,0.0,0.0
1.0,700.0,0.0,0.0,0.0,0.0
1.0,725.0,0.0,0.0,0.0,0.0
1.0,750.0,0.0,0.0,0.0,0.0
1.0,775.0,0.0,0.0,0.0,0.0
1.0,800.0,0.0003380662609871535,0.0003380091117582797,0.0,0.0
1.0,825.0,0.0003397893306150187,0.00033973159731571237,0.0,0.0
1.0,850.0,0.0,0.0,0.0,0.0
1.0,875.0,0.0,0.0,0.0,0.0
1.0,900.0,0.0,0.0,0.0,0.0
1.0,925.0,0.0,0.0,0.0,0.0
1.0,950.0,0.0,0.0,0.0,0.0
1.0,975.0,0.0,0.0,0.0,0.0
1.0,1000.0,0.0003405994550408719,0.00034054144610661137,0.0,0.0
1.0,1025.0,0.0,0.0,0.0,0.0
1.0,1050.0,0.0006791171477079797,0.00048004525381175055,0.0,0.0
1.0,1075.0,0.00033852403520649965,0.00033846673109517815,0.0,0.0
1.0,1100.0,0.0,0.0,0.0,0.0
1.0,1125.0,0.0,0.0,0.0,0.0
1.0,1150.0,0.0003386386725364037,0.0003385813296060906,0.0,0.0
1.0,1175.0,0.0,0.0,0.0,0.0
1.0,1200.0,0.0,0.0,0.0,0.0
1.0,1225.0,0.0,0.0,0.0,0.0
1.0,1250.0,0.0,0.0,0.0,0.0
10.0,0.0,0.29224517439891634,0.008369188901648367,0.001015916017609211,0.0005862413731537099
10.0,15.0,0.20466058763931105,0.007414368324518191,0.0013508949679162446,0.0006749911004709088
10.0,30.0,0.1861952861952862,0.007142762615104742,0.0013468013468013469,0.000672947052147848
10.0,45.0,0.1572199730094467,0.0066860847373354316,0.0020242914979757085,0.0008255766687600788
10.0,60.0,0.14160485502360082,0.006401726631378033,0.0030343897505057315,0.001009927497405681
10.0,75.0,0.1455223880597015,0.006494586583909448,0.005427408412483039,0.0013531649981985857
10.0,90.0,0.1506572295247725,0.00656716173995562,0.007077856420626896,0.0015390392620254724
10.0,105.0,0.13830508474576272,0.006356013788617434,0.00576271186440678,0.0013936299409564846
10.0,120.0,0.12131480853947814,0.006010200460824733,0.0023720772619451034,0.0008954969450079807
10.0,135.0,0.06205493387589013,0.004442623135570129,0.0,0.0
10.0,150.0,0.03620981387478849,0.003436573631716189,0.0010152284263959391,0.0005858447954981272
10.0,165.0,0.019322033898305085,0.002534420196077204,0.0,0.0
10.0,180.0,0.007801899592944369,0.001620449997353615,0.0,0.0
10.0,195.0,0.0027220142905750254,0.000961066686642777,0.0,0.0
10.0,210.0,0.0010148849797023004,0.0005856467078083892,0.0,0.0
10.0,225.0,0.0006777363605557439,0.00047906955241305604,0.0,0.0
10.0,240.0,0.0013536379018612521,0.0006763607119133482,0.0,0.0
10.0,255.0,0.00033886818027787193,0.00033881075959114643,0.0,0.0
10.0,270.0,0.002034587995930824,0.0008297716591407565,0.0,0.0
10.0,285.0,0.0016926201760324984,0.0007563218582102216,0.0,0.0
10.0,300.0,0.0006786562606040041,0.0004797195787182496,0.0,0.0
10.0,315.0,0.0010162601626016261,0.0005864398633919605,0.0,0.0
10.0,330.0,0.00034002040122407346,0.00033996258937272914,0.0,0.0
10.0,345.0,0.0010211027910142954,0.0005892329069966352,0.0,0.0
10.0,360.0,0.0,0.0,0.0,0.0
10.0,375.0,0.0,0.0,0.0,0.0
10.0,390.0,0.0003403675970047651,0.00034030966702442816,0.0,0.0
10.0,405.0,0.0003402517863218782,0.0003401938957580697,0.0,0.0
10.0,420.0,0.00034258307639602604,0.0003425243897872193,0.0,0.0
10.0,435.0,0.00034153005464480874,0.0003414717282752186,0.0,0.0
10.0,450.0,0.00034411562284927734,0.0003440564099738757,0.0,0.0
10.0,465.0,0.00034164673727365904,0.0003415883710415301,0.0,0.0
10.0,480.0,0.00034305317324185246,0.0003429943254546038,0.0,0.0
10.0,495.0,0.0,0.0,0.0,0.0
10.0,510.0,0.0,0.0,0.0,0.0
10.0,525.0,0.0,0.0,0.0,0.0
10.0,540.0,0.0003401360544217687,0.00034007820323427284,0.0,0.0
10.0,555.0,0.0006849315068493151,0.00048415382181509674,0.0,0.0
10.0,570.0,0.0,0.0,0.0,0.0
10.0,585.0,0.0,0.0,0.0,0.0
10.0,600.0,0.000341180484476288,0.0003411222774495953,0.0,0.0
10.0,615.0,0.0006807351940095302,0.0004811886072004535,0.0,0.0
10.0,630.0,0.0,0.0,0.0,0.0
10.0,645.0,0.0,0.0,0.0,0.0
10.0,660.0,0.0,0.0,0.0,0.0
10.0,675.0,0.0,0.0,0.0,0.0
10.0,690.0,0.0,0.0,0.0,0.0
10.0,705.0,0.0,0.0,0.0,0.0
10.0,720.0,0.0,0.0,0.0,0.0
10.0,735.0,0.0,0.0,0.0,0.0
10.0,750.0,0.0,0.0,0.0,0.0
50.0,0.0,0.2851392150285139,0.008269099613244851,0.004360952700436095,0.0012068704683603872
50.0,11.5,0.20812353138637127,0.00743796380032942,0.002014098690835851,0.0008214238813077081
50.0,23.0,0.16566063044936286,0.006808120027783274,0.004359490274983233,0.00120646663594026
50.0,34.5,0.1467828418230563,0.006478403987118249,0.006702412868632708,0.0014936741646617514
50.0,46.0,0.12877263581488935,0.006133716893064978,0.01006036217303823,0.0018274998301239674
50.0,57.5,0.14218802275008363,0.006387995520007439,0.006356641017062563,0.0014536710870488435
50.0,69.0,0.15003348961821836,0.006535067997694725,0.008037508372404554,0.0016340428570870104
50.0,80.5,0.09539805172992946,0.005384050128516944,0.003694994961370507,0.0011120227288208453
50.0,92.0,0.05679919812896759,0.004230773978050483,0.0020046775810223854,0.0008175854635755788
50.0,103.5,0.02879142952795447,0.0030596394794357106,0.0006695681285570807,0.00047329763204874225
50.0,115.0,0.012068387529332886,0.001999223915109847,0.00033523298692591353,0.0003351767916381286
50.0,126.5,0.004024144869215292,0.001159330840216928,0.0,0.0
50.0,138.0,0.0036900369003690036,0.0011105333448291847,0.0,0.0
50.0,149.5,0.0016739203213927017,0.0007479731147788549,0.0,0.0
50.0,161.0,0.0006729475100942127,0.0004756856112192377,0.0,0.0
50.0,172.5,0.0003348961821835231,0.0003348400997612621,0.0,0.0
50.0,184.0,0.0006711409395973154,0.00047440903168164013,0.0,0.0
50.0,195.5,0.0013418316001341832,0.000670465520955922,0.0,0.0
50.0,207.0,0.0003356831151393085,0.0003356267688333909,0.0,0.0
50.0,218.5,0.00033523298692591353,0.0003351767916381286,0.0,0.0
50.0,230.0,0.0,0.0,0.0,0.0
50.0,241.5,0.0,0.0,0.0,0.0
50.0,253.0,0.001007725898555593,0.0005815175919936643,0.0,0.0
50.0,264.5,0.000671591672263264,0.00047472753377707233,0.0,0.0
50.0,276.0,0.0003356831151393085,0.0003356267688333909,0.0,0.0
50.0,287.5,0.0003361344537815126,0.00033607795584787855,0.0,0.0
50.0,299.0,0.0003363605785401951,0.00033630400456308314,0.0,0.0
50.0,310.5,0.0,0.0,0.0,0.0
50.0,322.0,0.0003363605785401951,0.00033630400456308314,0.0,0.0
50.0,333.5,0.0,0.0,0.0,0.0
50.0,345.0,0.0,0.0,0.0,0.0
50.0,356.5,0.0,0.0,0.0,0.0
50.0,368.0,0.0003361344537815126,0.00033607795584787855,0.0,0.0
50.0,379.5,0.0,0.0,0.0,0.0
50.0,391.0,0.0,0.0,0.0,0.0
50.0,402.5,0.0,0.0,0.0,0.0
50.0,414.0,0.0,0.0,0.0,0.0
50.0,425.5,0.0,0.0,0.0,0.0
50.0,437.0,0.0,0.0,0.0,0.0
50.0,448.5,0.0003370407819346141,0.0003369839789036327,0.0,0.0
50.0,460.0,0.0,0.0,0.0,0.0
50.0,471.5,0.0,0.0,0.0,0.0
50.0,483.0,0.0,0.0,0.0,0.0
50.0,494.5,0.0,0.0,0.0,0.0
50.0,506.0,0.00033692722371967657,0.0003368704589608339,0.0,0.0
50.0,517.5,0.0,0.0,0.0,0.0
50.0,529.0,0.0,0.0,0.0,0.0
50.0,540.5,0.0003380662609871535,0.0003380091117582797,0.0,0.0
50.0,552.0,0.0,0.0,0.0,0.0
50.0,563.5,0.0,0.0,0.0,0.0
50.0,575.0,0.0,0.0,0.0,0.0
100.0,0.0,0.2950488379925901,0.008369921230520855,0.007073088582014146,0.0015380062154848504
100.0,8.0,0.21243697478991597,0.007499187777465566,0.004033613445378151,0.0011620531537259858
100.0,16.0,0.18313172043010753,0.007089920089048364,0.006384408602150538,0.0014600007283093225
100.0,24.0,0.16969086021505375,0.006880700768773347,0.006720430107526882,0.0014976758345770459
100.0,32.0,0.13425302826379543,0.006253643693352201,0.00908479138627187,0.0017404090142620384
100.0,40.0,0.13728129205921938,0.00631271066329641,0.010094212651413189,0.00183361753681606
100.0,48.0,0.13797722705961152,0.006311290552406017,0.011386470194239785,0.001941614157366725
100.0,56.0,0.14747474747474748,0.006506302211083896,0.008417508417508417,0.0016764012651714832
100.0,64.0,0.125250501002004,0.0060493078875813976,0.004676018704074816,0.0012467932886920112
100.0,72.0,0.08743718592964825,0.005170199509071398,0.0033500837520938024,0.001057613490423074
100.0,80.0,0.051978537894030855,0.00406506313116686,0.00033534540576794097,0.0003352891727825925
100.0,88.0,0.028839704896042925,0.003064693489233203,0.0,0.0
100.0,96.0,0.014755197853789403,0.002207957834019745,0.0,0.0
100.0,104.0,0.004021447721179625,0.001158555377529893,0.0003351206434316354,0.000335064485803519
100.0,112.0,0.004021447721179625,0.001158555377529893,0.0003351206434316354,0.000335064485803519
100.0,120.0,0.0013440860215053765,0.0006715912170809505,0.0,0.0
100.0,128.0,0.001007725898555593,0.0005815175919936643,0.0,0.0
100.0,136.0,0.001682935038707506,0.0007519978480697359,0.0,0.0
100.0,144.0,0.0006711409395973154,0.00047440903168164013,0.0,0.0
100.0,152.0,0.0,0.0,0.0,0.0
100.0,160.0,0.000335795836131632,0.0003357394519760617,0.0,0.0
100.0,168.0,0.0006709158000670916,0.0004742499408461644,0.0,0.0
100.0,176.0,0.0003367003367003367,0.0003366436483698229,0.0,0.0
100.0,184.0,0.0003363605785401951,0.00033630400456308314,0.0,0.0
100.0,192.0,0.0010097610232245036,0.0005826913860672712,0.0,0.0
100.0,200.0,0.0,0.0,0.0,0.0
100.0,208.0,0.0003355704697986577,0.0003355141613042939,0.0,0.0
100.0,216.0,0.0,0.0,0.0,0.0
100.0,224.0,0.0003363605785401951,0.00033630400456308314,0.0,0.0
100.0,232.0,0.0,0.0,0.0,0.0
100.0,240.0,0.0003370407819346141,0.0003369839789036327,0.0,0.0
100.0,248.0,0.0,0.0,0.0,0.0
100.0,256.0,0.0003363605785401951,0.00033630400456308314,0.0,0.0
100.0,264.0,0.0,0.0,0.0,0.0
100.0,272.0,0.0006738544474393531,0.00047632648080390565,0.0,0.0
100.0,280.0,0.0,0.0,0.0,0.0
100.0,288.0,0.0,0.0,0.0,0.0
100.0,296.0,0.0,0.0,0.0,0.0
100.0,304.0,0.0,0.0,0.0,0.0
100.0,312.0,0.0,0.0,0.0,0.0
100.0,320.0,0.0,0.0,0.0,0.0
100.0,328.0,0.0,0.0,0.0,0.0
100.0,336.0,0.0,0.0,0.0,0.0
100.0,344.0,0.0,0.0,0.0,0.0
100.0,352.0,0.0,0.0,0.0,0.0
100.0,360.0,0.0,0.0,0.0,0.0
100.0,368.0,0.00033875338753387534,0.00033869600574511205,0.0,0.0
100.0,376.0,0.0,0.0,0.0,0.0
100.0,384.0,0.0,0.0,0.0,0.0
100.0,392.0,0.0,0.0,0.0,0.0
100.0,400.0,0.0003370407819346141,0.0003369839789036327,0.0,0.0
500.0,0.0,0.2925603217158177,0.00832823574842951,0.018431635388739945,0.002462310416868733
500.0,8.0,0.1686221924237345,0.00685535505586597,0.01609118337244385,0.0023038000928080993
500.0,16.0,0.16543624161073825,0.006806705427936625,0.011409395973154362,0.001945500889307434
500.0,24.0,0.14453781512605043,0.006446851491972047,0.012773109243697478,0.0020587960032113447
500.0,32.0,0.1351714862138534,0.0062695599918271925,0.016812373907195696,0.0023575572079669034
500.0,40.0,0.11331540013449899,0.005812441153916273,0.010423671822461332,0.0018623638441947205
500.0,48.0,0.07604306864064603,0.004862182752069509,0.0023553162853297443,0.0008891768787543004
500.0,56.0,0.034006734006734006,0.003325762920951144,0.0006734006734006734,0.000476005830303306
500.0,64.0,0.01137123745819398,0.0019390316185354092,0.0,0.0
500.0,72.0,0.004039044092898014,0.0011636145093021045,0.0,0.0
500.0,80.0,0.0013463480309660047,0.0006727206995962519,0.0,0.0
500.0,88.0,0.0010097610232245036,0.0005826913860672712,0.0,0.0
500.0,96.0,0.001007725898555593,0.0005815175919936643,0.0,0.0
500.0,104.0,0.0006711409395973154,0.00047440903168164013,0.0,0.0
500.0,112.0,0.000335795836131632,0.0003357394519760617,0.0,0.0
500.0,120.0,0.0,0.0,0.0,0.0
500.0,128.0,0.0,0.0,0.0,0.0
500.0,136.0,0.0006729475100942127,0.0004756856112192377,0.0,0.0
500.0,144.0,0.0003374957813027337,0.00033743882479548437,0.0,0.0
500.0,152.0,0.0003367003367003367,0.0003366436483698229,0.0,0.0
500.0,160.0,0.0,0.0,0.0,0.0
500.0,168.0,0.0003374957813027337,0.00033743882479548437,0.0,0.0
500.0,176.0,0.0,0.0,0.0,0.0
500.0,184.0,0.00033829499323410016,0.0003382377666425998,0.0,0.0
500.0,192.0,0.0006756756756756757,0.00047761341445555874,0.0,0.0
500.0,200.0,0.00033932813030200206,0.0003392705536272342,0.0,0.0
500.0,208.0,0.0,0.0,0.0,0.0
500.0,216.0,0.00033932813030200206,0.0003392705536272342,0.0,0.0
500.0,224.0,0.0003399048266485384,0.00033984705409323906,0.0,0.0
500.0,232.0,0.0003367003367003367,0.0003366436483698229,0.0,0.0
500.0,240.0,0.00033829499323410016,0.0003382377666425998,0.0,0.0
500.0,248.0,0.0,0.0,0.0,0.0
500.0,256.0,0.0,0.0,0.0,0.0
500.0,264.0,0.0,0.0,0.0,0.0
500.0,272.0,0.00033692722371967657,0.0003368704589608339,0.0,0.0
500.0,280.0,0.0,0.0,0.0,0.0
500.0,288.0,0.0,0.0,0.0,0.0
500.0,296.0,0.0003354579000335458,0.00033540162931268804,0.0,0.0
500.0,304.0,0.0,0.0,0.0,0.0
500.0,312.0,0.0,0.0,0.0,0.0
500.0,320.0,0.000335795836131632,0.0003357394519760617,0.0,0.0
500.0,328.0,0.0,0.0,0.0,0.0
500.0,336.0,0.0,0.0,0.0,0.0
500.0,344.0,0.0,0.0,0.0,0.0
500.0,352.0,0.0,0.0,0.0,0.0
500.0,360.0,0.0,0.0,0.0,0.0
500.0,368.0,0.0,0.0,0.0,0.0
500.0,376.0,0.0,0.0,0.0,0.0
500.0,384.0,0.0,0.0,0.0,0.0
500.0,392.0,0.0,0.0,0.0,0.0
500.0,400.0,0.0,0.0,0.0,0.0
1000.0,0.0,0.29072512647554805,0.008339427217185448,0.023608768971332208,0.002788279190258723
1000.0,1.0,0.2661290322580645,0.008101016514261128,0.020833333333333332,0.0026181301269054213
1000.0,2.0,0.2271049983227105,0.007673484278518963,0.01576652130157665,0.0022815816729702975
1000.0,3.0,0.1989247311827957,0.007317531297039179,0.02486559139784946,0.0028544022406285573
1000.0,4.0,0.17401548300235611,0.006955503492777403,0.02288791652642208,0.002743620230682919
1000.0,5.0,0.16380760174907502,0.006787700619755411,0.018836192398250923,0.0024932731735863726
1000.0,6.0,0.1558922558922559,0.00665630154952497,0.02154882154882155,0.0026644226567553385
1000.0,7.0,0.1512491559756921,0.006583306307779055,0.018906144496961513,0.002502443248863347
1000.0,8.0,0.15126050420168066,0.006569109376988251,0.01546218487394958,0.0022620809719492625
1000.0,9.0,0.15348367553012454,0.006612983488151938,0.01985863345674857,0.0025595741382296922
1000.0,10.0,0.13805844810211623,0.0063223856758967065,0.014444071212630165,0.0021867343677211925
1000.0,11.0,0.15566037735849056,0.0066545037815912735,0.016172506738544475,0.0023153475957902315
1000.0,12.0,0.16013513513513514,0.006740656035880314,0.019256756756756758,0.0025259420289810547
1000.0,13.0,0.14194416414396233,0.006400576475294202,0.014799865455768583,0.002214591661107969
1000.0,14.0,0.14722689075630252,0.006496311387643113,0.01781512605042017,0.00242520014485353
1000.0,15.0,0.14703903095558546,0.006496156704422066,0.020188425302826378,0.002579871666410477
1000.0,16.0,0.1427128912823965,0.006417168205414186,0.02019522046449007,0.0025807310687417377
1000.0,17.0,0.1438655462184874,0.006434368089865564,0.018823529411764704,0.0024916131018871105
1000.0,18.0,0.1318718381112985,0.006213776144273734,0.016863406408094434,0.0023646519969289475
1000.0,19.0,0.12839423399262487,0.0061250012395429165,0.017432115320147504,0.002396236620523855
1000.0,20.0,0.13784967981125718,0.0063290074166020525,0.01752612066059993,0.0024090434433249163
1000.0,21.0,0.13983193277310924,0.006358451356035859,0.015798319327731094,0.002286146251609451
1000.0,22.0,0.11723211286530064,0.00589599548056975,0.018474974806852538,0.002468045708244503
1000.0,23.0,0.13126893301918546,0.006195442463494861,0.015146415348367553,0.002240729542512156
1000.0,24.0,0.12096774193548387,0.005977515760990329,0.01646505376344086,0.002332706024162482
1000.0,25.0,0.12238705327039784,0.0060177435565615155,0.012474713418745786,0.0020379983489572915
1000.0,26.0,0.13220910623946036,0.006220508388338044,0.01821247892074199,0.002455731811349941
1000.0,27.0,0.11582491582491583,0.005872079249592138,0.014478114478114479,0.002191850430462708
1000.0,28.0,0.12078272604588394,0.0059856513973059345,0.016869095816464237,0.0023654429433159862
1000.0,29.0,0.11895161290322581,0.005934287520615623,0.017137096774193547,0.002379022957287063
1000.0,30.0,0.12841253791708795,0.006141867295886205,0.017189079878665317,0.0023861763027959613
1000.0,31.0,0.1221476510067114,0.005998534562658959,0.016107382550335572,0.0023061003704729637
1000.0,32.0,0.11466039004707465,0.0058423984547913655,0.015131136516476126,0.002238486587064878
1000.0,33.0,0.11200807265388496,0.005784045709333383,0.017154389505549948,0.0023814026361339545
1000.0,34.0,0.10692669804976462,0.005666516387254806,0.01378614660390047,0.0021381418475145382
1000.0,35.0,0.11374407582938388,0.005841692915139806,0.010832769126607989,0.0019045806095994698
1000.0,36.0,0.10279743849005729,0.005575420476674592,0.010111223458038422,0.0018366917749524467
1000.0,37.0,0.09858681022880215,0.005468232343781935,0.009757738896366084,0.0018031046042856487
1000.0,38.0,0.09858681022880215,0.005468232343781935,0.007738896366083445,0.0016074152957719367
1000.0,39.0,0.08313619466035822,0.005075455246646765,0.004393376140588037,0.0012158236855847886
1000.0,40.0,0.06693575512949883,0.004583396225532206,0.003699966363942146,0.001113516113110489
1000.0,41.0,0.0631117111036112,0.00446717593399228,0.002362470469119136,0.0008918745218967356
1000.0,42.0,0.0568832043083137,0.004249359164307151,0.003702457085156513,0.001114264310406801
1000.0,43.0,0.0540994623655914,0.004146701246647351,0.0013440860215053765,0.0006715912170809505
1000.0,44.0,0.054245283018867926,0.004157557835964576,0.0026954177897574125,0.0009516889003438886
1000.0,45.0,0.041400201952204646,0.0036548416927271203,0.002019522046449007,0.0008236334882128861
1000.0,46.0,0.03746203172460344,0.003488500365064202,0.0013499831252109348,0.0006745357951243281
1000.0,47.0,0.03406408094435076,0.003331272403941759,0.0003372681281618887,0.0003372112484704206
1000.0,48.0,0.029283069673510603,0.0030931663479153164,0.0003365870077415012,0.00033653035756728164
1000.0,49.0,0.02835921674544227,0.0030500534952319996,0.0006752194463200541,0.00047729102954096247
1000.0,50.0,0.019805303793219202,0.002552769937164426,0.0010070493454179255,0.0005811273775000625
1000.0,52.0,0.017241379310344827,0.0023933727909311838,0.0003380662609871535,0.0003380091117582797
1000.0,54.0,0.014482990906028967,0.0021925832512640028,0.0,0.0
1000.0,56.0,0.0060790273556231,0.0014284787115172264,0.0,0.0
1000.0,58.0,0.005048805116122518,0.00130030091059812,0.0,0.0
1000.0,60.0,0.003703703703703704,0.0011146387862280458,0.0,0.0
1000.0,62.0,0.004365345869711216,0.0012080835893046264,0.0,0.0
1000.0,64.0,0.0026908846283215607,0.0009500905064679537,0.0,0.0
1000.0,66.0,0.0010080645161290322,0.0005817128958218491,0.0,0.0
1000.0,68.0,0.0006734006734006734,0.000476005830303306,0.0,0.0
2000.0,0.0,0.26195286195286194,0.008068176669497546,0.021885521885521887,0.0026846957340233
2000.0,1.0,0.2596964586846543,0.00805240441569872,0.021247892074198988,0.002648389956448495
2000.0,2.0,0.1971736204576043,0.00729811697568136,0.0265814266487214,0.0029506286488301873
2000.0,3.0,0.16677874915938132,0.006835653544273688,0.02252858103564223,0.0027211248658157356
2000.0,4.0,0.14573539288112827,0.006465712328195895,0.02216252518468771,0.002697619007254883
2000.0,5.0,0.12730937185085656,0.0061090112707936255,0.020490426603963722,0.0025965125458176155
2000.0,6.0,0.11084984884111522,0.005753944765737145,0.01813906617400067,0.0024459244345197075
2000.0,7.0,0.11002691790040377,0.005740021338426602,0.01816958277254374,0.0024500013070570454
2000.0,8.0,0.09504550050556117,0.005384190032408978,0.01820020222446916,0.002454091791179391
2000.0,9.0,0.0988235294117647,0.005471313714592195,0.01546218487394958,0.0022620809719492625
2000.0,10.0,0.10231465951023147,0.005550728816320463,0.013082858101308286,0.002081184935655721
2000.0,11.0,0.10496311200536552,0.0056128701728529245,0.019450033534540577,0.0025289557024627224
2000.0,12.0,0.11907164480322906,0.005939871043591041,0.014799865455768583,0.002214591661107969
2000.0,13.0,0.11580013504388927,0.005879457128582714,0.015530047265361242,0.0022719307747833027
2000.0,14.0,0.12693602693602693,0.0061085377134968396,0.013804713804713804,0.0021410013455022254
2000.0,15.0,0.1174496644295302,0.005897765495272069,0.014429530201342283,0.0021845490726560847
2000.0,16.0,0.12907563025210084,0.006147079977063203,0.011092436974789916,0.0019202061178535221
2000.0,17.0,0.11738984191052809,0.0059034007349766295,0.01446350487722839,0.0021896549040171694
2000.0,18.0,0.1265993265993266,0.006101607038518586,0.014478114478114479,0.002191850430462708
2000.0,19.0,0.11529411764705882,0.0058554401648136245,0.012100840336134453,0.002004567054351858
2000.0,20.0,0.10721510451786918,0.005680882809444004,0.013486176668914362,0.002117924315899656
2000.0,21.0,0.12416107382550336,0.006040831467837786,0.010738255033557046,0.0018880536578435533
2000.0,22.0,0.12478977463841238,0.006061055169629502,0.01648166834846956,0.00233504019236065
2000.0,23.0,0.1202020202020202,0.00596718000560714,0.013131313131313131,0.0020888417478100445
2000.0,24.0,0.11159811193526635,0.005781593941608783,0.011126095751854349,0.0019259999938008854
2000.0,25.0,0.10853494623655914,0.0057019118092300715,0.013776881720430107,0.0021367149607324338
2000.0,26.0,0.10094530722484807,0.005535331003905592,0.015530047265361242,0.0022719307747833027
2000.0,27.0,0.10258997645475951,0.005564811636724748,0.013790783720148,0.00213885600574163
2000.0,28.0,0.09115371678439287,0.005278796912031578,0.016145307769929364,0.0023114855885954457
2000.0,29.0,0.08931580721267274,0.005235875242012834,0.012807549713515335,0.002064311180131596
2000.0,30.0,0.08992926911417985,0.00525028654595868,0.010441226002020883,0.001865483646663842
2000.0,31.0,0.0796221322537112,0.004972340781143265,0.008771929824561403,0.0017127551054326726
2000.0,32.0,0.08190091001011122,0.005034198882860084,0.00741489720256151,0.001574989527844552
2000.0,33.0,0.07482305358948432,0.004830269274158481,0.0047185709470845974,0.0012581123393172837
2000.0,34.0,0.06264735601212529,0.004447313848883008,0.002694509936005389,0.0009513687914628783
2000.0,35.0,0.06163691478612327,0.0044136796108117165,0.002694509936005389,0.0009513687914628783
2000.0,36.0,0.04534766543500168,0.003813385132947589,0.0016795431642593216,0.0007504835075706929
2000.0,37.0,0.04200268817204301,0.003677089704601617,0.0006720430107526882,0.0004750464638227007
2000.0,38.0,0.03829358414511253,0.003517182047138787,0.0016795431642593216,0.0007504835075706929
2000.0,39.0,0.03096600471221811,0.003178050312918959,0.0010097610232245036,0.0005826913860672712
2000.0,40.0,0.035678222820599126,0.0034029946637595793,0.0013463480309660047,0.0006727206995962519
2000.0,41.0,0.029855753102985574,0.0031171032186243447,0.0,0.0
2000.0,42.0,0.018474974806852538,0.002468045708244503,0.0006718172657037286,0.0004748869452522231
2000.0,43.0,0.01779120510238335,0.002421973242733227,0.0,0.0
2000.0,44.0,0.01342732460557234,0.0021087448447464404,0.0,0.0
2000.0,45.0,0.011111111111111112,0.0019234206272740898,0.0003367003367003367,0.0003366436483698229
2000.0,46.0,0.009430784776018861,0.0017738268790223278,0.0,0.0
2000.0,47.0,0.009421265141318977,0.001772044855300742,0.00033647375504710633,0.00033641714299067013
2000.0,48.0,0.006062647356012125,0.0014246414004661372,0.0003368137420006736,0.0003367570154753028
2000.0,49.0,0.004378578646008757,0.0012117376291352854,0.0003368137420006736,0.0003367570154753028
2000.0,50.0,0.003368137420006736,0.0010633033598830871,0.0,0.0
2000.0,52.0,0.002364066193853428,0.0008924762225382737,0.0,0.0
2000.0,54.0,0.002019522046449007,0.0008236334882128861,0.0,0.0
2000.0,56.0,0.002688172043010753,0.0009491340447155047,0.0,0.0
2000.0,58.0,0.0010070493454179255,0.0005811273775000625,0.0,0.0
2000.0,60.0,0.0023545240497813654,0.0008888781476364271,0.0,0.0
2000.0,62.0,0.001682935038707506,0.0007519978480697359,0.0,0.0
2000.0,64.0,0.0003365870077415012,0.00033653035756728164,0.0,0.0
2000.0,66.0,0.00033692722371967657,0.0003368704589608339,0.0,0.0
2000.0,68.0,0.0006729475100942127,0.0004756856112192377,0.0,0.0
2000.0,70.0,0.0006745362563237774,0.0004768082673698838,0.0,0.0
5000.0,0.0,0.20553493081336482,0.007423597183968014,0.03746203172460344,0.003488500365064202
5000.0,2.0,0.13484285231497128,0.006278978308802395,0.030753632984116257,0.0031738969494971344
5000.0,4.0,0.09509306260575297,0.005396319233425628,0.04128595600676819,0.003659881085202886
5000.0,6.0,0.09087837837837838,0.005283180179719724,0.026351351351351353,0.0029441282397908754
5000.0,8.0,0.07336037863421231,0.004793879686422006,0.016227180527383367,0.002323110451575959
5000.0,10.0,0.09364435429344152,0.0053566224486712236,0.00878972278566599,0.0017162138501316641
5000.0,12.0,0.09097080787508487,0.005298141702093744,0.008825526137135099,0.0017231734158303356
5000.0,14.0,0.10405405405405406,0.005612089023325729,0.007094594594594595,0.0015426658790010565
5000.0,16.0,0.08924949290060852,0.005242078312044962,0.008451656524678837,0.0016831730983659333
5000.0,18.0,0.09007477906186268,0.005278166913647903,0.009177430319510536,0.0017580740315919028
5000.0,20.0,0.08409321175278622,0.005100196455079719,0.010131712259371834,0.0018403944948511802
5000.0,22.0,0.07164685908319185,0.004752395041498564,0.0040747028862478775,0.0011738664918948152
5000.0,24.0,0.05862419518807184,0.004324494588796893,0.009827177228058285,0.0018158722444215417
5000.0,26.0,0.05531048523922633,0.004210737944260084,0.0033932813030200203,0.0010712276390059553
5000.0,28.0,0.04665314401622718,0.003877634251269987,0.0023664638269100743,0.0008933802972980801
5000.0,30.0,0.029182219205972176,0.0031005443707036334,0.0016966406515100101,0.0007581168206010203
5000.0,32.0,0.020734194425560844,0.0026270754384501247,0.0006798096532970768,0.0004805345964084855
5000.0,34.0,0.015905245346869712,0.0023014942925826225,0.0,0.0
5000.0,36.0,0.011205432937181663,0.0019396559660182042,0.00033955857385398983,0.00033950091894673084
5000.0,38.0,0.0077834179357022,0.001616626424144457,0.0,0.0
5000.0,40.0,0.003736413043478261,0.0011244642838379997,0.0,0.0
5000.0,42.0,0.0013563919972872161,0.000677735892757104,0.0,0.0
5000.0,44.0,0.0023769100169779285,0.0008973192135758223,0.0,0.0
5000.0,46.0,0.002708192281651997,0.0009561931502729151,0.0,0.0
5000.0,48.0,0.0013577732518669382,0.0006784255823312716,0.0,0.0
5000.0,50.0,0.00034083162917518747,0.0003407735411254814,0.0,0.0
5000.0,52.0,0.0010238907849829352,0.0005908409095724124,0.0,0.0
5000.0,54.0,0.0017029972752043597,0.0007609547538630489,0.0,0.0
5000.0,56.0,0.0003414134516899966,0.00034135516514212155,0.0,0.0
5000.0,58.0,0.0,0.0,0.0,0.0
5000.0,60.0,0.0,0.0,0.0,0.0
5000.0,62.0,0.0,0.0,0.0,0.0
5000.0,64.0,0.0006786562606040041,0.0004797195787182496,0.0,0.0
5000.0,66.0,0.00034153005464480874,0.0003414717282752186,0.0,0.0
5000.0,68.0,0.00034223134839151266,0.00034217278223237904,0.0,0.0
5000.0,70.0,0.0006793478260869565,0.0004802082572370703,0.0,0.0
5000.0,72.0,0.0006844626967830253,0.000483822550072692,0.0,0.0
5000.0,74.0,0.0010228435049437436,0.00059023688117379,0.0,0.0
5000.0,76.0,0.0006872852233676976,0.0004858170085223101,0.0,0.0
5000.0,78.0,0.00034352456200618345,0.00034346555237558304,0.0,0.0
5000.0,80.0,0.0,0.0,0.0,0.0
5000.0,82.0,0.0006832934745473181,0.00048299635065262247,0.0,0.0
5000.0,84.0,0.0006849315068493151,0.00048415382181509674,0.0,0.0
5000.0,86.0,0.0,0.0,0.0,0.0
5000.0,88.0,0.0006879944960440316,0.00048631819507942133,0.0,0.0
5000.0,90.0,0.00034423407917383823,0.00034417482552348555,0.0,0.0
5000.0,92.0,0.0,0.0,0.0,0.0
5000.0,94.0,0.0003443526170798898,0.0003442933226124542,0.0,0.0
5000.0,96.0,0.0,0.0,0.0,0.0
5000.0,98.0,0.0,0.0,0.0,0.0
5000.0,100.0,0.0,0.0,0.0,0.0
8000.0,0.0,0.1636302294197031,0.006795037122826722,0.03677462887989204,0.0034569970289804962
8000.0,2.0,0.09253630530226276,0.005325391043676952,0.040864572779466396,0.0036382642925091736
8000.0,4.0,0.07484828051247472,0.004831831944328519,0.026972353337828724,0.0029746538578896203
8000.0,6.0,0.060810810810810814,0.0043925942013058146,0.019256756756756758,0.0025259420289810547
8000.0,8.0,0.061952861952861954,0.0044234873900353645,0.011447811447811448,0.0019520134697666508
8000.0,10.0,0.0741489720256151,0.004810213475673431,0.007751937984496124,0.0016101135370790952
8000.0,12.0,0.07449664429530202,0.004810045915171092,0.00738255033557047,0.0015681443192762164
8000.0,14.0,0.057633973710819006,0.004278488009940323,0.005392652510953826,0.0013445231261507828
8000.0,16.0,0.06136210384356035,0.0044067010539837565,0.010114632501685773,0.0018373078599679307
8000.0,18.0,0.06140350877192982,0.004409577276248171,0.00641025641025641,0.0014658925952746214
8000.0,20.0,0.04513304142809026,0.003809900506022878,0.002694509936005389,0.0009513687914628783
8000.0,22.0,0.045316198850186,0.003824994821057249,0.002705444707473791,0.0009552243682219958
8000.0,24.0,0.03328850033624748,0.0032894635281705844,0.0010087424344317419,0.0005821038973016519
8000.0,26.0,0.029044241810199257,0.0030861038691980553,0.0,0.0
8000.0,28.0,0.01919191919191919,0.0025175203869824106,0.0003367003367003367,0.0003366436483698229
8000.0,30.0,0.014890016920473773,0.0022279796160961677,0.0,0.0
8000.0,32.0,0.008445945945945946,0.0016820406628741762,0.0,0.0
8000.0,34.0,0.00641025641025641,0.0014658925952746214,0.0,0.0
8000.0,36.0,0.0030343897505057315,0.001009927497405681,0.0,0.0
8000.0,38.0,0.0013513513513513514,0.0006752189837169925,0.0,0.0
8000.0,40.0,0.003365870077415012,0.0010625887803860344,0.0,0.0
8000.0,42.0,0.0006749915626054674,0.000477130000233841,0.0,0.0
8000.0,44.0,0.0010090817356205853,0.0005822995952180694,0.0,0.0
8000.0,46.0,0.00033760972316002703,0.00033755272818652055,0.0,0.0
8000.0,48.0,0.0013490725126475548,0.0006740811036023672,0.0,0.0
8000.0,50.0,0.00033738191632928474,0.00033732499824936404,0.0,0.0
8000.0,52.0,0.00033783783783783786,0.000337780765814821,0.0,0.0
8000.0,54.0,0.0006729475100942127,0.0004756856112192377,0.0,0.0
8000.0,56.0,0.001013856032443393,0.0005850532476608172,0.0,0.0
8000.0,58.0,0.0003386386725364037,0.0003385813296060906,0.0,0.0
8000.0,60.0,0.0013508949679162446,0.0006749911004709088,0.0,0.0
8000.0,62.0,0.0,0.0,0.0,0.0
8000.0,64.0,0.00033875338753387534,0.00033869600574511205,0.0,0.0
8000.0,66.0,0.0,0.0,0.0,0.0
8000.0,68.0,0.00033829499323410016,0.0003382377666425998,0.0,0.0
8000.0,70.0,0.0,0.0,0.0,0.0
8000.0,72.0,0.00033898305084745765,0.0003389255912232043,0.0,0.0
8000.0,74.0,0.0003401360544217687,0.00034007820323427284,0.0,0.0
8000.0,76.0,0.0,0.0,0.0,0.0
8000.0,78.0,0.00034071550255536625,0.0003406574540836007,0.0,0.0
8000.0,80.0,0.000683526999316473,0.00048316136472208626,0.0,0.0
8000.0,82.0,0.0,0.0,0.0,0.0
8000.0,84.0,0.0010197144799456153,0.0005884321834407419,0.0,0.0
8000.0,86.0,0.0003397893306150187,0.00033973159731571237,0.0,0.0
8000.0,88.0,0.0,0.0,0.0,0.0
8000.0,90.0,0.0003402517863218782,0.0003401938957580697,0.0,0.0
8000.0,92.0,0.0,0.0,0.0,0.0
8000.0,94.0,0.00034002040122407346,0.00033996258937272914,0.0,0.0
8000.0,96.0,0.0,0.0,0.0,0.0
8000.0,98.0,0.0003397893306150187,0.00033973159731571237,0.0,0.0
8000.0,100.0,0.0006828269033799932,0.00048266666042628747,0.0,0.0
8000.0,102.0,0.0,0.0,0.0,0.0
8000.0,104.0,0.0,0.0,0.0,0.0
8000.0,106.0,0.0,0.0,0.0,0.0
8000.0,108.0,0.0,0.0,0.0,0.0
8000.0,110.0,0.0,0.0,0.0,0.0
8000.0,112.0,0.0,0.0,0.00033932813030200206,0.0003392705536272342
8000.0,114.0,0.0,0.0,0.0,0.0
8000.0,116.0,0.0,0.0,0.0,0.0
8000.0,118.0,0.00033967391304347825,0.00033961621896016727,0.0,0.0
8000.0,120.0,0.00033875338753387534,0.00033869600574511205,0.0,0.0
8000.0,122.0,0.0,0.0,0.0,0.0
8000.0,124.0,0.0,0.0,0.0,0.0
8000.0,126.0,0.0,0.0,0.0,0.0
8000.0,128.0,0.0,0.0,0.0,0.0
8000.0,130.0,0.0,0.0,0.0,0.0
8000.0,132.0,0.0,0.0,0.0,0.0
8000.0,134.0,0.0,0.0,0.0,0.0
8000.0,136.0,0.0,0.0,0.0,0.0
8000.0,138.0,0.0,0.0,0.0,0.0
8000.0,140.0,0.0,0.0,0.0,0.0
8000.0,142.0,0.0,0.0,0.0,0.0
8000.0,144.0,0.0,0.0,0.0,0.0
8000.0,146.0,0.0,0.0,0.0,0.0
8000.0,148.0,0.0,0.0,0.0,0.0
8000.0,150.0,0.0,0.0,0.0,0.0
10000.0,0.0,0.12831858407079647,0.006170179196603359,0.05037440435670524,0.004035109012845304
10000.0,2.0,0.08056222146040452,0.005039166105688146,0.04422351731230716,0.00380659432828462
10000.0,4.0,0.07084188911704312,0.004746240843396186,0.026351813826146476,0.002963235586033664
10000.0,6.0,0.056241426611796985,0.004266432307111115,0.014060356652949246,0.0021803668648202627
10000.0,8.0,0.042974079126875855,0.003745270216404378,0.006139154160982265,0.001442563958114276
10000.0,10.0,0.06580293215138083,0.0045781059733614946,0.005455165359699966,0.0013600663992984357
10000.0,12.0,0.07363013698630137,0.0048331312318914835,0.004794520547945206,0.001278314001001991
10000.0,14.0,0.047683923705722074,0.003932769784305332,0.0057901907356948225,0.00140025596469668
10000.0,16.0,0.0570940170940171,0.004290091557849317,0.0044444444444444444,0.001229924792089531
10000.0,18.0,0.05136986301369863,0.004085180374769458,0.004452054794520548,0.0012320261186614862
10000.0,20.0,0.03813415049370106,0.003533965599237888,0.001361933946203609,0.0006805030990880944
10000.0,22.0,0.028424657534246577,0.0030753492049354404,0.00034246575342465754,0.0003424071070069958
10000.0,24.0,0.019815510761872223,0.0025759960174197346,0.0006832934745473181,0.00048299635065262247
10000.0,26.0,0.011588275391956374,0.001975824167332953,0.0,0.0
10000.0,28.0,0.010256410256410256,0.0018629281523655319,0.0003418803418803419,0.0003418218958004413
10000.0,30.0,0.005485087418580734,0.001367505910412248,0.00034281796366129587,0.000342759196546154
10000.0,32.0,0.0047602856171370285,0.0012692081211009424,0.0,0.0
10000.0,34.0,0.0010228435049437436,0.00059023688117379,0.0,0.0
10000.0,36.0,0.003080082135523614,0.0010251116747835643,0.0,0.0
10000.0,38.0,0.0020604395604395605,0.0008403038903748037,0.0,0.0
10000.0,40.0,0.0006915629322268327,0.0004888397195573158,0.0,0.0
10000.0,42.0,0.0010284538909838875,0.0005934727155475808,0.0,0.0
10000.0,44.0,0.0,0.0,0.0,0.0
10000.0,46.0,0.00102880658436214,0.0005936761336260815,0.0,0.0
10000.0,48.0,0.0013759889920880633,0.0006875209966788966,0.0,0.0
10000.0,50.0,0.0003453038674033149,0.0003452442448754763,0.0,0.0
10000.0,52.0,0.0003450655624568668,0.00034500602219890365,0.0,0.0
10000.0,54.0,0.0006934812760055479,0.0004901952538196685,0.0,0.0
10000.0,56.0,0.000690846286701209,0.0004883333250016894,0.0,0.0
10000.0,58.0,0.0,0.0,0.0,0.0
10000.0,60.0,0.0010380622837370243,0.0005990143895632584,0.0,0.0
10000.0,62.0,0.00104675505931612,0.0006040279322214075,0.0,0.0
10000.0,64.0,0.00034614053305642093,0.0003460806212371827,0.0,0.0
10000.0,66.0,0.0003473428273706148,0.00034728249861160646,0.0,0.0
10000.0,68.0,0.0,0.0,0.0,0.0
10000.0,70.0,0.001048951048951049,0.0006052944583799179,0.0,0.0
10000.0,72.0,0.0007022471910112359,0.0004963893649627857,0.0,0.0
10000.0,74.0,0.0,0.0,0.0,0.0
10000.0,76.0,0.0,0.0,0.0,0.0
10000.0,78.0,0.0,0.0,0.0,0.0
10000.0,80.0,0.0003454231433506045,0.00034536347962387036,0.0,0.0
10000.0,82.0,0.0006975933031042902,0.0004931008731642706,0.0,0.0
10000.0,84.0,0.0,0.0,0.0,0.0
10000.0,86.0,0.0,0.0,0.0,0.0
10000.0,88.0,0.0,0.0,0.0,0.0
10000.0,90.0,0.0,0.0,0.0,0.0
10000.0,92.0,0.0,0.0,0.0,0.0
10000.0,94.0,0.0,0.0,0.0,0.0
10000.0,96.0,0.0,0.0,0.0,0.0
10000.0,98.0,0.0,0.0,0.0,0.0
10000.0,100.0,0.00034352456200618345,0.00034346555237558304,0.0,0.0
15000.000000000002,0.0,0.08801624915368991,0.005212784043187393,0.041638456330399455,0.0036754181356008116
15000.000000000002,1.8,0.06725543478260869,0.004616110039894124,0.034986413043478264,0.0033864722463173855
15000.000000000002,3.6,0.05421070576201841,0.004181033969462859,0.02216160927378111,0.002718179653763171
15000.000000000002,5.4,0.037237643872714964,0.0034837373292372557,0.008801624915368992,0.0017185274508314929
15000.000000000002,7.2,0.02469553450608931,0.002854480671821239,0.005412719891745603,0.0013495128117959165
15000.000000000002,9.0,0.039986445272788884,0.00360670379376033,0.004066418163334463,0.0011714846484195483
15000.000000000002,10.8,0.04536222071767095,0.0038287870897473785,0.006770480704129994,0.0015087918035817656
15000.000000000002,12.6,0.033863867253640365,0.003328554830527309,0.0044023027429732475,0.0012182885734779761
15000.000000000002,14.4,0.03290366350067843,0.0032854378565726145,0.0023744911804613297,0.0008964071531914629
15000.000000000002,16.2,0.03531409168081494,0.0034011386593053466,0.0023769100169779285,0.0008973192135758223
15000.000000000002,18.0,0.028552005438477225,0.0030704833920767536,0.001699524133242692,0.0007594041617063113
15000.000000000002,19.8,0.02058029689608637,0.0026077811181618236,0.0006747638326585695,0.00047696907954676977
15000.000000000002,21.6,0.012563667232597622,0.002052438319521059,0.0,0.0
15000.000000000002,23.4,0.0037262872628726286,0.00112142265404552,0.00033875338753387534,0.00033869600574511205
15000.000000000002,25.2,0.005407232173031429,0.0013481483193361237,0.0,0.0
15000.000000000002,27.0,0.0030477480528276328,0.001014366708199953,0.0,0.0
15000.000000000002,28.8,0.0017047391749062393,0.0007617324269272322,0.0,0.0
15000.000000000002,30.6,0.003049813622500847,0.0010150531298631048,0.0,0.0
15000.000000000002,32.4,0.001699524133242692,0.0007594041617063113,0.0,0.0
15000.000000000002,34.2,0.0,0.0,0.0,0.0
15000.000000000002,36.0,0.0013577732518669382,0.0006784255823312716,0.0,0.0
15000.000000000002,37.8,0.0006779661016949153,0.0004792318937845166,0.0,0.0
15000.000000000002,39.6,0.0010204081632653062,0.0005888322730029427,0.0,0.0
15000.000000000002,41.4,0.0,0.0,0.0,0.0
15000.000000000002,43.2,0.0010231923601637107,0.0005904380867021108,0.0,0.0
15000.000000000002,45.0,0.00034223134839151266,0.00034217278223237904,0.0,0.0
15000.000000000002,46.8,0.0006825938566552901,0.0004825019840388382,0.0,0.0
15000.000000000002,48.6,0.0,0.0,0.0,0.0
15000.000000000002,50.4,0.0010277492291880781,0.0005930662973008748,0.0,0.0
15000.000000000002,52.2,0.0,0.0,0.0,0.0
15000.000000000002,54.0,0.0,0.0,0.0,0.0
15000.000000000002,55.8,0.0,0.0,0.0,0.0
15000.000000000002,57.6,0.0,0.0,0.0,0.0
15000.000000000002,59.4,0.0013778849466069584,0.000688467667958794,0.0,0.0
15000.000000000002,61.2,0.0003427004797806717,0.00034264175293939044,0.0,0.0
15000.000000000002,63.0,0.0010263427984946972,0.0005922551284474576,0.0,0.0
15000.000000000002,64.8,0.0003419972640218878,0.00034193877795664243,0.0,0.0
15000.000000000002,66.6,0.0,0.0,0.0,0.0
15000.000000000002,68.4,0.0003444712366517396,0.000344411901325031,0.0,0.0
15000.000000000002,70.2,0.0006894174422612892,0.00048732367686118576,0.0,0.0
15000.000000000002,72.0,0.0003459010722933241,0.00034584124334324535,0.0,0.0
15000.000000000002,73.8,0.0,0.0,0.0,0.0
15000.000000000002,75.6,0.0,0.0,0.0,0.0
15000.000000000002,77.4,0.0006863417982155113,0.00048515036449260494,0.0,0.0
15000.000000000002,79.2,0.0,0.0,0.0,0.0
15000.000000000002,81.0,0.0,0.0,0.0,0.0
15000.000000000002,82.8,0.0,0.0,0.0,0.0
15000.000000000002,84.6,0.00034423407917383823,0.00034417482552348555,0.0,0.0
15000.000000000002,86.4,0.0,0.0,0.0,0.0
15000.000000000002,88.2,0.0,0.0,0.0,0.0
15000.000000000002,90.0,0.0,0.0,0.0,0.0
20000.0,0.0,0.06405451448040886,0.004519559372135545,0.04020442930153322,0.0036259538211070893
20000.0,1.8,0.057307561885384876,0.004280096801723689,0.03255340793489318,0.0032679420265279984
20000.0,3.6,0.04160982264665757,0.0036879678492938903,0.018076398362892224,0.002460440223445966
20000.0,5.4,0.029672578444747612,0.003133681204254891,0.007844474761255117,0.0016292578781827158
20000.0,7.2,0.024307900067521943,0.002829681714064912,0.006076975016880486,0.0014279979175428265
20000.0,9.0,0.035326086956521736,0.0034022727846009463,0.006114130434782609,0.0014367020284962177
20000.0,10.8,0.029581774906494388,0.003124237737696077,0.005780346820809248,0.0013978823070582166
20000.0,12.6,0.01970108695652174,0.00256127052485923,0.003736413043478261,0.0011244642838379997
20000.0,14.4,0.02971311475409836,0.0031378966432117484,0.0017076502732240437,0.0007630320869844837
20000.0,16.2,0.030874785591766724,0.003203853447760522,0.0006861063464837049,0.00048498398925492995
20000.0,18.0,0.02035968781812012,0.0026015298499640735,0.00033932813030200206,0.0003392705536272342
20000.0,19.8,0.01094391244870041,0.001924013349668961,0.0,0.0
20000.0,21.6,0.006464783940115686,0.0014783213433220718,0.0,0.0
20000.0,23.4,0.005429250084832033,0.0013536229118787388,0.0,0.0
20000.0,25.2,0.0037389530931339226,0.0011252272710840176,0.0,0.0
20000.0,27.0,0.0030664395229982964,0.001020578129183819,0.0,0.0
20000.0,28.8,0.001723543605653223,0.0007701275994976254,0.0,0.0
20000.0,30.6,0.0,0.0,0.0,0.0
20000.0,32.4,0.001364721937905152,0.0006818951934928739,0.0,0.0
20000.0,34.2,0.0006828269033799932,0.00048266666042628747,0.0,0.0
20000.0,36.0,0.0013736263736263737,0.0006863413123591221,0.0,0.0
20000.0,37.8,0.0010256410256410256,0.0005918503755613855,0.0,0.0
20000.0,39.6,0.00034258307639602604,0.0003425243897872193,0.0,0.0
20000.0,41.4,0.00034317089910775565,0.000343112010922147,0.0,0.0
20000.0,43.2,0.00034317089910775565,0.000343112010922147,0.0,0.0
20000.0,45.0,0.0,0.0,0.0,0.0
20000.0,46.8,0.0006854009595613434,0.0004844855475096321,0.0,0.0
20000.0,48.6,0.0006951685783802572,0.0004913875281538258,0.0,0.0
20000.0,50.4,0.00034423407917383823,0.00034417482552348555,0.0,0.0
20000.0,52.2,0.0,0.0,0.0,0.0
20000.0,54.0,0.0,0.0,0.0,0.0
20000.0,55.8,0.0006920415224913495,0.0004891778998021511,0.0,0.0
20000.0,57.6,0.0003443526170798898,0.0003442933226124542,0.0,0.0
20000.0,59.4,0.0,0.0,0.0,0.0
20000.0,61.2,0.0006954102920723226,0.0004915583266765357,0.0,0.0
20000.0,63.0,0.00034782608695652176,0.0003477655902020932,0.0,0.0
20000.0,64.8,0.00034458993797381116,0.0003445305617455813,0.0,0.0
20000.0,66.6,0.0,0.0,0.0,0.0
20000.0,68.4,0.0,0.0,0.0,0.0
20000.0,70.2,0.0,0.0,0.0,0.0
20000.0,72.0,0.0,0.0,0.0,0.0
20000.0,73.8,0.0003443526170798898,0.0003442933226124542,0.0,0.0
20000.0,75.6,0.0003447087211306446,0.00034464930395858713,0.0,0.0
20000.0,77.4,0.0,0.0,0.0,0.0
20000.0,79.2,0.00034494653328734045,0.0003448870341004749,0.0,0.0
20000.0,81.0,0.00034376074252320387,0.00034370165172044277,0.0,0.0
20000.0,82.8,0.0,0.0,0.0,0.0
20000.0,84.6,0.0,0.0,0.0,0.0
20000.0,86.4,0.0,0.0,0.0,0.0
20000.0,88.2,0.0,0.0,0.0,0.0
20000.0,90.0,0.0,0.0,0.0,0.0
40000.0,0.0,0.030220713073005095,0.0031546134902914425,0.01595925297113752,0.0023092458448740723
40000.0,1.7,0.023335621139327384,0.002796646555772943,0.015785861358956762,0.002309054418186602
40000.0,3.4,0.01367053998632946,0.0021466768674099535,0.011961722488038277,0.0020097710464915147
40000.0,5.1,0.008544087491455913,0.001701501694946686,0.004784688995215311,0.0012756990158180406
40000.0,6.8,0.005813953488372093,0.0014059857665670145,0.0010259917920656635,0.0005920526828278012
40000.0,8.5,0.011285909712722298,0.001953506962102891,0.001709986320109439,0.0007640750125432142
40000.0,10.2,0.009237085186452275,0.001769448544160365,0.0034211426616489907,0.0010800081163988484
40000.0,11.9,0.008870692596383487,0.001731952650242791,0.000682360968952576,0.0004823374199817442
40000.0,13.6,0.014423076923076924,0.002209421305501035,0.0013736263736263737,0.0006863413123591221
40000.0,15.3,0.012942779291553134,0.002085964494716143,0.0006811989100817438,0.0004815162806357127
40000.0,17.0,0.00895933838731909,0.0017491820125275404,0.0,0.0
40000.0,18.7,0.00549073438572409,0.0013689098886822404,0.0,0.0
40000.0,20.4,0.002062564455139223,0.0008411695852976645,0.0,0.0
40000.0,22.1,0.0030821917808219177,0.0010258127206723467,0.0,0.0
40000.0,23.8,0.0006851661527920521,0.0004843196278600495,0.0,0.0
40000.0,25.5,0.0013731548232063166,0.000686105861127473,0.0,0.0
40000.0,27.2,0.0003448275862068965,0.0003447681280486466,0.0,0.0
40000.0,28.9,0.000690846286701209,0.0004883333250016894,0.0,0.0
40000.0,30.6,0.0003465003465003465,0.00034644031005417114,0.0,0.0
40000.0,32.3,0.002073971655720705,0.0008458169160906509,0.0,0.0
40000.0,34.0,0.0013812154696132596,0.0006901306309605252,0.0,0.0
40000.0,35.7,0.00034578146611341634,0.0003457216785334564,0.0,0.0
40000.0,37.4,0.0020891364902506965,0.000851995036851079,0.0,0.0
40000.0,39.1,0.0003495281370150297,0.00034946704671708604,0.0,0.0
40000.0,40.8,0.0010471204188481676,0.000604238651717332,0.0,0.0
40000.0,42.5,0.00034904013961605586,0.0003489792197901942,0.0,0.0
40000.0,44.2,0.0010445682451253482,0.0006027666951859784,0.0,0.0
40000.0,45.9,0.0,0.0,0.0,0.0
40000.0,47.6,0.0,0.0,0.0,0.0
40000.0,49.3,0.0,0.0,0.0,0.0
40000.0,51.0,0.000351493848857645,0.0003514320694655064,0.0,0.0
40000.0,52.7,0.0010604453870625664,0.0006119237155617416,0.0,0.0
40000.0,54.4,0.0,0.0,0.0,0.0
40000.0,56.1,0.0,0.0,0.0,0.0
40000.0,57.8,0.0006939625260235947,0.0004905353128392354,0.0,0.0
40000.0,59.5,0.0003466204506065858,0.00034656037253167287,0.0,0.0
40000.0,61.2,0.0,0.0,0.0,0.0
40000.0,62.9,0.0,0.0,0.0,0.0
40000.0,64.6,0.00034518467380048324,0.00034512509242888204,0.0,0.0
40000.0,66.3,0.0,0.0,0.0,0.0
40000.0,68.0,0.0,0.0,0.0,0.0
40000.0,69.7,0.0,0.0,0.0,0.0
40000.0,71.4,0.0006922810661128419,0.0004893471654505527,0.0,0.0
40000.0,73.1,0.00034317089910775565,0.000343112010922147,0.0,0.0
40000.0,74.8,0.0003405994550408719,0.00034054144610661137,0.0,0.0
40000.0,76.5,0.0,0.0,0.0,0.0
40000.0,78.2,0.0,0.0,0.0,0.0
40000.0,79.9,0.0,0.0,0.0,0.0
40000.0,81.6,0.0,0.0,0.0,0.0
40000.0,83.3,0.0,0.0,0.0,0.0
40000.0,85.0,0.0,0.0,0.0,0.0
65000.0,0.0,0.012555140821174076,0.0020510542746702775,0.016287750254496098,0.0023317099319382422
65000.0,1.5,0.011220673240394424,0.0019422790880582635,0.008160489629377763,0.0016589423674251446
65000.0,3.0,0.008127328140873687,0.0016522286028164703,0.005418218760582459,0.001350880069092652
65000.0,4.5,0.0037326094333220224,0.0011233217410939543,0.0037326094333220224,0.0011233217410939543
65000.0,6.0,0.0023752969121140144,0.0008967109672404839,0.0016966406515100101,0.0007581168206010203
65000.0,7.5,0.008132836326668925,0.0016533437874243272,0.00033886818027787193,0.00033881075959114643
65000.0,9.0,0.00508130081300813,0.0013086486848803136,0.0010162601626016261,0.0005864398633919605
65000.0,10.5,0.005420054200542005,0.0013513364373860341,0.0016937669376693768,0.000756833836703147
65000.0,12.0,0.0030643513789581204,0.0010198842172905603,0.0006809669731018045,0.00048135238815340237
65000.0,13.5,0.006438495425279567,0.0014723293487747147,0.0010166045408336157,0.0005866384880857619
65000.0,15.0,0.005764665988470668,0.001394101148060917,0.00033909799932180403,0.00033904050072040354
65000.0,16.5,0.006122448979591836,0.0014386507045452276,0.0,0.0
65000.0,18.0,0.004083021435862538,0.001176258040491672,0.0,0.0
65000.0,19.5,0.00034048348655090226,0.00034042551711376624,0.0,0.0
65000.0,21.0,0.00033886818027787193,0.00033881075959114643,0.0,0.0
65000.0,22.5,0.0,0.0,0.0,0.0
65000.0,24.0,0.0013614703880190605,0.0006802716357712235,0.0,0.0
65000.0,25.5,0.0006805035726437564,0.00048102493766306073,0.0,0.0
65000.0,27.0,0.0,0.0,0.0,0.0
65000.0,28.5,0.0010242403550699897,0.0005910425271954463,0.0,0.0
65000.0,30.0,0.0013527223537368955,0.0006759035576165535,0.0,0.0
65000.0,31.5,0.0006839945280437756,0.0004834917313512345,0.0,0.0
65000.0,33.0,0.0003405994550408719,0.00034054144610661137,0.0,0.0
65000.0,34.5,0.00034083162917518747,0.0003407735411254814,0.0,0.0
65000.0,36.0,0.00034458993797381116,0.0003445305617455813,0.0,0.0
65000.0,37.5,0.0,0.0,0.0,0.0
65000.0,39.0,0.0,0.0,0.0,0.0
65000.0,40.5,0.0,0.0,0.0,0.0
65000.0,42.0,0.00034328870580157915,0.00034322977717599664,0.0,0.0
65000.0,43.5,0.0,0.0,0.0,0.0
65000.0,45.0,0.0006920415224913495,0.0004891778998021511,0.0,0.0
65000.0,46.5,0.0,0.0,0.0,0.0
65000.0,48.0,0.0006879944960440316,0.00048631819507942133,0.0,0.0
65000.0,49.5,0.0,0.0,0.0,0.0
65000.0,51.0,0.0,0.0,0.0,0.0
65000.0,52.5,0.00034281796366129587,0.000342759196546154,0.0,0.0
65000.0,54.0,0.0,0.0,0.0,0.0
65000.0,55.5,0.0,0.0,0.0,0.0
65000.0,57.0,0.00034305317324185246,0.0003429943254546038,0.0,0.0
65000.0,58.5,0.0,0.0,0.0,0.0
65000.0,60.0,0.00034223134839151266,0.00034217278223237904,0.0,0.0
65000.0,61.5,0.00034246575342465754,0.0003424071070069958,0.0,0.0
65000.0,63.0,0.0,0.0,0.0,0.0
65000.0,64.5,0.0,0.0,0.0,0.0
65000.0,66.0,0.0,0.0,0.0,0.0
65000.0,67.5,0.0,0.0,0.0,0.0
65000.0,69.0,0.0,0.0,0.0,0.0
65000.0,70.5,0.0,0.0,0.0,0.0
65000.0,72.0,0.0,0.0,0.0,0.0
65000.0,73.5,0.0,0.0,0.0,0.0
65000.0,75.0,0.0,0.0,0.0,0.0
