e,b,n12,n23,n31,nd,nc,rej, time
1.0000e-02,0.0000,47,1179,1073,45915,0,1786,338.9547
1.0000e-02,10.0000,33,969,872,46338,0,1788,311.8718
1.0000e-02,20.0000,14,767,832,46613,0,1774,299.4406
1.0000e-02,30.0000,22,667,652,46831,0,1828,293.8779
1.0000e-02,40.0000,17,577,550,47055,0,1801,292.5912
1.0000e-02,50.0000,15,480,476,47267,0,1762,292.3332
1.0000e-02,60.0000,10,458,478,47280,0,1774,245.0138
1.0000e-02,70.0000,9,398,379,47429,0,1785,278.4264
1.0000e-02,80.0000,2,288,291,47583,0,1836,212.5424
1.0000e-02,90.0000,7,242,234,47700,0,1817,201.3293
1.0000e-02,100.0000,2,188,139,47851,0,1820,194.4120
1.0000e-02,110.0000,1,126,140,47844,0,1889,167.0369
1.0000e-02,120.0000,3,90,103,47888,0,1916,180.8271
1.0000e-02,130.0000,2,76,71,47930,0,1921,150.4838
1.0000e-02,140.0000,1,54,54,47948,0,1943,150.0750
1.0000e-02,150.0000,0,27,27,48087,0,1859,126.6118
1.0000e-02,160.0000,0,36,33,47997,0,1934,121.9502
1.0000e-02,170.0000,1,25,26,48023,0,1925,141.1321
1.0000e-02,180.0000,0,16,20,47980,0,1984,120.0359
1.0000e-02,190.0000,1,19,19,47939,0,2022,113.5804
1.0000e-02,200.0000,2,17,18,47961,0,2002,110.6390
1.0000e-02,210.0000,2,15,14,47950,0,2019,102.5406
1.0000e-02,220.0000,1,10,14,47877,0,2098,100.5087
1.0000e-02,230.0000,6,4,5,48004,0,1981,97.0743
1.0000e-02,240.0000,1,6,4,47880,0,2109,93.0929
1.0000e-02,250.0000,1,3,2,47788,0,2206,92.1507
1.0000e-02,260.0000,1,3,5,47847,0,2144,89.9589
1.0000e-02,270.0000,0,4,5,47723,0,2268,90.5268
1.0000e-02,280.0000,0,2,3,47723,0,2272,84.4661
1.0000e-02,290.0000,0,4,5,47563,0,2428,82.5134
1.0000e-02,300.0000,0,3,4,47561,0,2432,83.7468
1.0000e-02,310.0000,0,1,1,47499,0,2499,78.9419
1.0000e-02,320.0000,0,1,3,47404,0,2592,75.7836
1.0000e-02,330.0000,0,6,1,47245,0,2748,78.1291
1.0000e-02,340.0000,0,2,4,47296,0,2698,75.6685
1.0000e-02,350.0000,0,2,1,47245,0,2752,75.3593
1.0000e-02,360.0000,0,0,1,47217,0,2782,73.9286
1.0000e-02,370.0000,0,5,6,47035,0,2954,70.1509
1.0000e-02,380.0000,0,2,3,46993,0,3002,69.9132
1.0000e-02,390.0000,0,2,1,46869,0,3128,73.0189
1.0000e-02,400.0000,0,2,1,46905,0,3092,70.1179
1.0000e-02,410.0000,0,2,0,46841,0,3157,70.0095
1.0000e-02,420.0000,0,1,0,46870,0,3129,69.3757
1.0000e-02,430.0000,0,0,4,46886,0,3110,70.9089
1.0000e-02,440.0000,0,2,0,46822,0,3176,66.2317
1.0000e-02,450.0000,0,1,1,46821,0,3177,65.0465
1.0000e-02,460.0000,0,1,2,46814,0,3183,67.6862
1.0000e-02,470.0000,0,2,0,46824,0,3174,66.5796
1.0000e-02,480.0000,0,1,2,46765,0,3232,62.7307
1.0000e-02,490.0000,0,1,0,46699,0,3300,62.6496
1.0000e-02,500.0000,0,0,2,46789,0,3209,61.6022
1.0000e-02,510.0000,0,2,4,46868,0,3126,63.7370
1.0000e-02,520.0000,0,0,2,46804,0,3194,64.1175
1.0000e-02,530.0000,0,1,0,46958,0,3041,61.0837
1.0000e-02,540.0000,0,3,0,46923,0,3074,61.1376
1.0000e-02,550.0000,0,1,4,46968,0,3027,62.0476
1.0000e-02,560.0000,0,2,0,47031,0,2967,59.1807
1.0000e-02,570.0000,0,1,0,47073,0,2926,58.4272
1.0000e-02,580.0000,0,0,2,47202,0,2796,60.7224
1.0000e-02,590.0000,0,1,1,47189,0,2809,57.2991
2.5000e-02,0.0000,57,901,882,47302,0,858,306.8320
2.5000e-02,10.0000,22,717,723,47655,0,883,291.7533
2.5000e-02,20.0000,20,569,569,47926,0,916,293.3694
2.5000e-02,30.0000,13,499,502,48071,0,915,255.8485
2.5000e-02,40.0000,12,467,452,48135,0,934,248.7543
2.5000e-02,50.0000,8,418,391,48332,0,851,249.4445
2.5000e-02,60.0000,9,303,317,48463,0,908,215.6115
2.5000e-02,70.0000,4,239,241,48659,0,857,193.8735
2.5000e-02,80.0000,3,163,168,48812,0,854,169.3833
2.5000e-02,90.0000,0,111,120,48823,0,946,147.2616
2.5000e-02,100.0000,2,61,61,48962,0,914,166.4779
2.5000e-02,110.0000,0,44,52,48995,0,909,129.4088
2.5000e-02,120.0000,3,29,40,48993,0,935,128.1494
2.5000e-02,130.0000,1,27,28,49077,0,867,136.7023
2.5000e-02,140.0000,0,21,21,49050,0,908,118.3808
2.5000e-02,150.0000,2,13,22,49064,0,899,115.1916
2.5000e-02,160.0000,1,12,12,49028,0,947,106.1760
2.5000e-02,170.0000,2,11,12,49055,0,920,122.3383
2.5000e-02,180.0000,2,3,1,49058,0,936,94.1106
2.5000e-02,190.0000,4,2,1,49048,0,945,90.2244
2.5000e-02,200.0000,2,1,4,48984,0,1009,93.6417
2.5000e-02,210.0000,0,2,1,48997,0,1000,86.3830
2.5000e-02,220.0000,0,1,0,48972,0,1027,82.1651
2.5000e-02,230.0000,0,1,3,48959,0,1037,83.2952
2.5000e-02,240.0000,0,4,1,49052,0,943,82.5426
2.5000e-02,250.0000,0,4,3,48949,0,1044,78.3704
2.5000e-02,260.0000,0,0,1,48949,0,1050,76.2367
2.5000e-02,270.0000,0,0,2,48895,0,1103,74.0219
2.5000e-02,280.0000,0,1,2,48960,0,1037,78.9567
2.5000e-02,290.0000,0,1,0,48922,0,1077,74.5993
2.5000e-02,300.0000,0,4,0,48853,0,1143,74.6887
2.5000e-02,310.0000,0,2,0,48872,0,1126,75.5920
2.5000e-02,320.0000,0,2,1,48783,0,1214,69.3147
2.5000e-02,330.0000,0,0,0,48736,0,1264,67.4571
2.5000e-02,340.0000,0,2,1,48638,0,1359,70.6441
2.5000e-02,350.0000,0,0,0,48580,0,1420,72.3022
2.5000e-02,360.0000,0,0,1,48543,0,1456,70.7944
2.5000e-02,370.0000,0,2,1,48601,0,1396,68.6029
2.5000e-02,380.0000,0,0,1,48499,0,1500,67.3492
2.5000e-02,390.0000,0,0,3,48490,0,1507,65.5124
2.5000e-02,400.0000,0,0,2,48412,0,1586,64.3918
2.5000e-02,410.0000,0,1,0,48375,0,1624,65.0132
2.5000e-02,420.0000,0,2,1,48273,0,1724,64.6765
2.5000e-02,430.0000,0,1,0,48378,0,1621,60.6164
2.5000e-02,440.0000,0,1,0,48290,0,1709,62.0864
2.5000e-02,450.0000,0,1,0,48330,0,1669,59.4637
2.5000e-02,460.0000,0,0,3,48239,0,1758,58.0093
2.5000e-02,470.0000,0,1,3,48271,0,1725,64.1481
2.5000e-02,480.0000,0,1,0,48243,0,1756,60.3044
2.5000e-02,490.0000,0,0,0,48281,0,1719,60.2280
2.5000e-02,500.0000,0,0,0,48295,0,1705,57.3956
2.5000e-02,510.0000,0,0,2,48312,0,1686,58.3819
2.5000e-02,520.0000,0,1,0,48213,0,1786,61.0406
2.5000e-02,530.0000,0,0,2,48376,0,1622,58.5056
2.5000e-02,540.0000,0,0,2,48411,0,1587,56.4476
2.5000e-02,550.0000,0,0,0,48487,0,1513,54.8468
2.5000e-02,560.0000,0,0,0,48450,0,1550,54.4402
2.5000e-02,570.0000,0,0,0,48506,0,1494,54.1403
2.5000e-02,580.0000,0,0,0,48546,0,1454,53.8475
2.5000e-02,590.0000,0,0,0,48518,0,1482,53.4256
5.0000e-02,0.0000,90,792,734,47860,0,524,329.2026
5.0000e-02,10.0000,35,541,574,48327,0,523,296.2864
5.0000e-02,20.0000,27,520,544,48388,0,521,282.2525
5.0000e-02,30.0000,14,388,416,48682,0,500,246.6760
5.0000e-02,40.0000,11,390,370,48702,0,527,230.7238
5.0000e-02,50.0000,9,297,299,48888,0,507,195.2295
5.0000e-02,60.0000,5,211,216,49032,0,536,160.1819
5.0000e-02,70.0000,2,135,135,49192,0,536,142.0582
5.0000e-02,80.0000,3,84,63,49296,0,554,129.2498
5.0000e-02,90.0000,0,51,42,49384,0,523,128.2953
5.0000e-02,100.0000,2,28,38,49437,0,495,140.1268
5.0000e-02,110.0000,1,12,18,49375,0,594,129.2244
5.0000e-02,120.0000,4,17,15,49432,0,532,107.1725
5.0000e-02,130.0000,2,11,13,49442,0,532,88.7645
5.0000e-02,140.0000,1,11,9,49411,0,568,87.0398
5.0000e-02,150.0000,2,5,1,49437,0,555,80.3672
5.0000e-02,160.0000,4,0,0,49449,0,547,76.2894
5.0000e-02,170.0000,2,0,0,49473,0,525,71.0946
5.0000e-02,180.0000,0,0,2,49452,0,546,69.1915
5.0000e-02,190.0000,1,0,0,49448,0,551,67.1838
5.0000e-02,200.0000,0,1,0,49467,0,532,67.4596
5.0000e-02,210.0000,0,0,0,49425,0,575,71.3506
5.0000e-02,220.0000,0,0,1,49425,0,574,67.4062
5.0000e-02,230.0000,0,2,0,49401,0,597,65.6256
5.0000e-02,240.0000,0,0,0,49387,0,613,64.5777
5.0000e-02,250.0000,0,1,1,49377,0,621,64.4696
5.0000e-02,260.0000,0,0,2,49400,0,598,65.9564
5.0000e-02,270.0000,0,1,0,49349,0,650,63.4157
5.0000e-02,280.0000,0,0,2,49369,0,629,60.1926
5.0000e-02,290.0000,0,0,0,49347,0,653,60.2104
5.0000e-02,300.0000,0,1,0,49381,0,618,56.4632
5.0000e-02,310.0000,0,0,1,49374,0,625,61.6134
5.0000e-02,320.0000,0,0,1,49345,0,654,56.8430
5.0000e-02,330.0000,0,0,0,49277,0,723,56.5270
5.0000e-02,340.0000,0,0,0,49206,0,794,55.4476
5.0000e-02,350.0000,0,1,2,49173,0,824,56.0223
5.0000e-02,360.0000,0,1,0,49194,0,805,53.8984
5.0000e-02,370.0000,0,1,1,49219,0,779,56.7757
5.0000e-02,380.0000,0,3,1,49141,0,855,53.8326
5.0000e-02,390.0000,0,0,0,49116,0,884,53.1464
5.0000e-02,400.0000,0,0,2,49079,0,919,52.1102
5.0000e-02,410.0000,0,0,0,49080,0,920,52.0055
5.0000e-02,420.0000,0,0,1,48993,0,1006,53.4790
5.0000e-02,430.0000,0,2,1,48992,0,1005,51.0951
5.0000e-02,440.0000,0,0,0,49010,0,990,52.6827
5.0000e-02,450.0000,0,0,0,48928,0,1072,49.0072
5.0000e-02,460.0000,0,0,0,48993,0,1007,51.6339
5.0000e-02,470.0000,0,1,1,49005,0,993,51.9108
5.0000e-02,480.0000,0,0,1,48962,0,1037,50.5741
5.0000e-02,490.0000,0,0,0,48954,0,1046,48.5143
5.0000e-02,500.0000,0,0,0,48932,0,1068,47.6815
5.0000e-02,510.0000,0,0,0,48957,0,1043,46.8000
5.0000e-02,520.0000,0,0,0,48951,0,1049,47.5291
5.0000e-02,530.0000,0,0,1,48996,0,1003,47.3687
5.0000e-02,540.0000,0,0,0,49015,0,985,46.5047
5.0000e-02,550.0000,0,1,1,49055,0,943,45.8031
5.0000e-02,560.0000,0,1,1,49108,0,890,45.9442
5.0000e-02,570.0000,0,0,0,49061,0,939,45.6230
5.0000e-02,580.0000,0,0,0,49190,0,810,45.5391
5.0000e-02,590.0000,0,0,1,49163,0,836,44.0336
7.5000e-02,0.0000,73,709,702,48123,0,393,283.1015
7.5000e-02,10.0000,16,589,542,48486,0,367,269.3517
7.5000e-02,20.0000,14,441,480,48679,0,386,276.0197
7.5000e-02,30.0000,25,370,345,48873,0,387,234.6317
7.5000e-02,40.0000,10,345,333,48971,0,341,228.3495
7.5000e-02,50.0000,7,221,206,49179,0,387,174.1531
7.5000e-02,60.0000,3,134,147,49309,0,407,163.9377
7.5000e-02,70.0000,4,81,94,49422,0,399,161.3273
7.5000e-02,80.0000,1,51,43,49490,0,415,113.2587
7.5000e-02,90.0000,1,27,25,49561,0,386,105.7188
7.5000e-02,100.0000,1,21,13,49560,0,405,98.8395
7.5000e-02,110.0000,3,14,8,49582,0,393,107.3312
7.5000e-02,120.0000,3,10,5,49591,0,391,90.9020
7.5000e-02,130.0000,2,11,4,49561,0,422,87.5988
7.5000e-02,140.0000,9,0,1,49608,0,382,84.1260
7.5000e-02,150.0000,2,0,0,49621,0,377,77.2938
7.5000e-02,160.0000,0,0,0,49584,0,416,72.0877
7.5000e-02,170.0000,0,1,0,49578,0,421,70.7218
7.5000e-02,180.0000,0,1,0,49588,0,411,67.4366
7.5000e-02,190.0000,0,0,0,49600,0,400,70.1274
7.5000e-02,200.0000,0,0,1,49571,0,428,72.3919
7.5000e-02,210.0000,0,2,0,49545,0,453,68.8773
7.5000e-02,220.0000,0,0,2,49565,0,433,77.3224
7.5000e-02,230.0000,0,0,0,49580,0,420,65.8937
7.5000e-02,240.0000,0,0,0,49532,0,468,63.6569
7.5000e-02,250.0000,0,0,2,49557,0,441,64.9123
7.5000e-02,260.0000,0,1,0,49526,0,473,65.3347
7.5000e-02,270.0000,0,0,0,49541,0,459,60.2125
7.5000e-02,280.0000,0,0,0,49523,0,477,61.5268
7.5000e-02,290.0000,0,2,0,49550,0,448,59.3895
7.5000e-02,300.0000,0,0,1,49512,0,487,54.6062
7.5000e-02,310.0000,0,0,0,49499,0,501,56.5024
7.5000e-02,320.0000,0,1,0,49481,0,518,55.3967
7.5000e-02,330.0000,0,0,1,49481,0,518,51.8993
7.5000e-02,340.0000,0,1,0,49447,0,552,51.5856
7.5000e-02,350.0000,0,0,0,49443,0,557,52.1310
7.5000e-02,360.0000,0,1,0,49403,0,596,52.7493
7.5000e-02,370.0000,0,0,0,49381,0,619,53.2352
7.5000e-02,380.0000,0,0,0,49299,0,701,51.2988
7.5000e-02,390.0000,0,2,0,49312,0,686,49.8591
7.5000e-02,400.0000,0,0,0,49314,0,686,48.7710
7.5000e-02,410.0000,0,0,2,49279,0,719,50.8829
7.5000e-02,420.0000,0,0,1,49227,0,772,50.4966
7.5000e-02,430.0000,0,0,1,49265,0,734,46.9886
7.5000e-02,440.0000,0,0,0,49270,0,730,46.3201
7.5000e-02,450.0000,0,0,0,49175,0,825,46.7258
7.5000e-02,460.0000,0,1,0,49202,0,797,46.7169
7.5000e-02,470.0000,0,1,0,49211,0,788,46.6931
7.5000e-02,480.0000,0,1,0,49230,0,769,51.6992
7.5000e-02,490.0000,0,0,1,49236,0,763,48.0728
7.5000e-02,500.0000,0,0,1,49245,0,754,49.3605
7.5000e-02,510.0000,0,0,0,49216,0,784,49.0620
7.5000e-02,520.0000,0,0,2,49256,0,742,48.2819
7.5000e-02,530.0000,0,1,0,49283,0,716,49.4254
7.5000e-02,540.0000,0,0,0,49337,0,663,47.2656
7.5000e-02,550.0000,0,0,0,49286,0,714,45.9853
7.5000e-02,560.0000,0,0,0,49296,0,704,44.1792
7.5000e-02,570.0000,0,0,2,49376,0,622,43.5980
7.5000e-02,580.0000,0,0,1,49361,0,638,45.1256
7.5000e-02,590.0000,0,0,0,49386,0,614,46.2070
2.5000e-01,0.0000,89,548,561,48637,0,165,260.4430
2.5000e-01,5.0000,34,460,459,48898,0,149,254.4037
2.5000e-01,10.0000,33,421,464,48927,0,155,257.2910
2.5000e-01,15.0000,26,408,363,49059,0,144,262.1970
2.5000e-01,20.0000,32,340,330,49155,0,143,252.9902
2.5000e-01,25.0000,16,319,324,49200,0,141,216.0211
2.5000e-01,30.0000,8,322,285,49212,0,173,210.9521
2.5000e-01,35.0000,10,246,223,49367,0,154,189.6794
2.5000e-01,40.0000,4,181,165,49509,0,141,163.6204
2.5000e-01,45.0000,3,125,139,49585,0,148,151.1738
2.5000e-01,50.0000,2,88,88,49671,0,151,148.7636
2.5000e-01,55.0000,2,56,76,49750,0,116,115.1076
2.5000e-01,60.0000,2,36,39,49758,0,165,104.8557
2.5000e-01,65.0000,2,27,30,49785,0,156,100.4777
2.5000e-01,70.0000,0,21,13,49821,0,145,93.7133
2.5000e-01,75.0000,1,16,17,49826,0,140,94.5106
2.5000e-01,80.0000,3,8,8,49831,0,150,85.8485
2.5000e-01,85.0000,2,7,8,49841,0,142,82.1716
2.5000e-01,90.0000,1,15,11,49818,0,155,102.7879
2.5000e-01,95.0000,2,10,10,49833,0,145,77.9116
2.5000e-01,100.0000,1,5,1,49832,0,161,75.9878
2.5000e-01,105.0000,6,0,1,49828,0,165,70.5277
2.5000e-01,110.0000,5,0,0,49840,0,155,68.0831
2.5000e-01,115.0000,2,0,1,49842,0,155,76.1693
2.5000e-01,120.0000,0,0,0,49817,0,183,67.3246
2.5000e-01,125.0000,0,0,0,49834,0,166,68.8992
2.5000e-01,130.0000,1,0,0,49857,0,142,70.8594
2.5000e-01,135.0000,0,0,0,49830,0,170,67.8549
2.5000e-01,140.0000,0,0,0,49833,0,167,67.4181
2.5000e-01,145.0000,0,1,0,49807,0,192,63.8849
2.5000e-01,150.0000,0,0,0,49850,0,150,63.2091
2.5000e-01,155.0000,0,0,0,49860,0,140,62.9591
2.5000e-01,160.0000,0,0,0,49847,0,153,60.3989
2.5000e-01,165.0000,0,0,0,49841,0,159,60.4368
2.5000e-01,170.0000,0,0,1,49841,0,158,60.0231
2.5000e-01,175.0000,0,0,0,49841,0,159,60.9089
2.5000e-01,180.0000,0,0,0,49815,0,185,60.2375
2.5000e-01,185.0000,0,0,0,49838,0,162,59.3144
2.5000e-01,190.0000,0,0,0,49830,0,170,57.7843
2.5000e-01,195.0000,0,0,0,49837,0,163,58.2997
2.5000e-01,200.0000,0,0,0,49836,0,164,60.0167
2.5000e-01,205.0000,0,0,0,49843,0,157,59.6959
2.5000e-01,210.0000,0,0,0,49853,0,147,58.2717
2.5000e-01,215.0000,0,0,1,49840,0,159,55.6853
2.5000e-01,220.0000,0,0,0,49829,0,171,54.7621
2.5000e-01,225.0000,0,0,0,49835,0,165,57.1287
2.5000e-01,230.0000,0,0,0,49833,0,167,57.2047
2.5000e-01,235.0000,0,0,0,49833,0,167,55.8900
2.5000e-01,240.0000,0,0,0,49810,0,190,54.3109
2.5000e-01,245.0000,0,0,0,49811,0,189,52.7056
2.5000e-01,250.0000,0,0,0,49811,0,189,51.8574
2.5000e-01,255.0000,0,0,0,49851,0,149,51.7304
2.5000e-01,260.0000,0,0,0,49848,0,152,51.7277
2.5000e-01,265.0000,0,0,0,49826,0,174,51.5514
2.5000e-01,270.0000,0,0,0,49808,0,192,51.4959
2.5000e-01,275.0000,0,0,0,49837,0,163,51.6723
2.5000e-01,280.0000,0,0,0,49826,0,174,51.8013
2.5000e-01,285.0000,0,0,0,49819,0,181,53.8080
2.5000e-01,290.0000,0,0,0,49829,0,171,51.9304
2.5000e-01,295.0000,0,0,0,49811,0,189,52.9461
5.0000e-01,0.0000,89,505,495,48840,0,71,265.8333
5.0000e-01,5.0000,41,359,397,49104,0,99,246.7857
5.0000e-01,10.0000,22,312,354,49227,0,85,245.3794
5.0000e-01,15.0000,22,300,323,49269,0,86,234.5467
5.0000e-01,20.0000,20,289,316,49293,0,82,220.4856
5.0000e-01,25.0000,11,263,277,49349,0,100,213.0026
5.0000e-01,30.0000,8,215,227,49474,0,76,167.2502
5.0000e-01,35.0000,5,138,164,49589,0,104,138.3900
5.0000e-01,40.0000,0,102,108,49709,0,81,121.3301
5.0000e-01,45.0000,2,62,57,49788,0,91,102.7200
5.0000e-01,50.0000,2,31,41,49821,0,105,105.7455
5.0000e-01,55.0000,0,26,19,49869,0,86,83.7191
5.0000e-01,60.0000,2,13,20,49876,0,89,90.4544
5.0000e-01,65.0000,2,12,6,49890,0,90,80.1062
5.0000e-01,70.0000,3,15,6,49872,0,104,73.6088
5.0000e-01,75.0000,3,6,7,49885,0,99,91.1514
5.0000e-01,80.0000,0,5,2,49894,0,99,72.8238
5.0000e-01,85.0000,1,2,2,49914,0,81,66.2640
5.0000e-01,90.0000,3,0,0,49893,0,104,65.5521
5.0000e-01,95.0000,1,0,1,49902,0,96,65.2535
5.0000e-01,100.0000,3,0,0,49882,0,115,63.1283
5.0000e-01,105.0000,1,0,0,49911,0,88,58.5020
5.0000e-01,110.0000,0,0,0,49906,0,94,59.1825
5.0000e-01,115.0000,0,0,0,49909,0,91,61.4740
5.0000e-01,120.0000,0,0,0,49917,0,83,60.7292
5.0000e-01,125.0000,0,0,0,49916,0,84,57.4343
5.0000e-01,130.0000,0,0,0,49904,0,96,59.3092
5.0000e-01,135.0000,0,0,0,49914,0,86,53.5061
5.0000e-01,140.0000,0,0,0,49921,0,79,51.5445
5.0000e-01,145.0000,0,0,0,49905,0,95,53.4490
5.0000e-01,150.0000,0,0,0,49905,0,95,51.6947
5.0000e-01,155.0000,0,0,0,49901,0,99,52.1931
5.0000e-01,160.0000,0,0,0,49913,0,87,53.0307
5.0000e-01,165.0000,0,0,0,49908,0,92,48.8604
5.0000e-01,170.0000,0,0,0,49917,0,83,48.6802
5.0000e-01,175.0000,0,0,1,49903,0,96,50.5052
5.0000e-01,180.0000,0,0,0,49898,0,102,50.5567
5.0000e-01,185.0000,0,0,0,49919,0,81,46.5612
5.0000e-01,190.0000,0,0,0,49908,0,92,46.6876
5.0000e-01,195.0000,0,0,0,49910,0,90,53.4946
5.0000e-01,200.0000,0,1,0,49889,0,110,53.1316
5.0000e-01,205.0000,0,0,0,49904,0,96,52.4438
5.0000e-01,210.0000,0,0,0,49900,0,100,49.6932
5.0000e-01,215.0000,0,0,0,49893,0,107,49.1673
5.0000e-01,220.0000,0,0,0,49896,0,104,46.0560
5.0000e-01,225.0000,0,0,0,49881,0,119,45.6581
5.0000e-01,230.0000,0,0,0,49914,0,86,46.3077
5.0000e-01,235.0000,0,0,0,49901,0,99,50.8848
5.0000e-01,240.0000,0,0,0,49886,0,114,47.8577
5.0000e-01,245.0000,0,0,0,49886,0,114,47.0003
5.0000e-01,250.0000,0,0,0,49901,0,99,45.1489
5.0000e-01,255.0000,0,0,0,49898,0,102,50.3186
5.0000e-01,260.0000,0,0,0,49901,0,99,49.3069
5.0000e-01,265.0000,0,0,2,49896,0,102,46.3375
5.0000e-01,270.0000,0,0,0,49884,0,116,46.3942
5.0000e-01,275.0000,0,0,0,49896,0,104,45.5369
5.0000e-01,280.0000,0,0,0,49888,0,112,45.1605
5.0000e-01,285.0000,0,0,0,49887,0,113,44.9076
5.0000e-01,290.0000,0,0,1,49888,0,111,47.3380
5.0000e-01,295.0000,0,0,0,49898,0,102,44.5161
7.5000e-01,0.0000,90,449,482,48912,0,67,245.6505
7.5000e-01,5.0000,40,375,386,49134,0,65,252.8368
7.5000e-01,10.0000,28,321,312,49280,0,59,214.6959
7.5000e-01,15.0000,27,288,283,49322,0,80,229.5662
7.5000e-01,20.0000,12,289,282,49363,0,54,208.0826
7.5000e-01,25.0000,11,242,246,49433,0,68,202.8374
7.5000e-01,30.0000,3,174,168,49575,0,80,149.6962
7.5000e-01,35.0000,4,98,105,49739,0,54,129.6874
7.5000e-01,40.0000,3,69,71,49797,0,60,111.3740
7.5000e-01,45.0000,1,43,39,49852,0,65,102.0514
7.5000e-01,50.0000,1,23,25,49884,0,67,90.4276
7.5000e-01,55.0000,8,11,16,49907,0,58,94.3301
7.5000e-01,60.0000,1,8,10,49925,0,56,91.3439
7.5000e-01,65.0000,2,7,11,49908,0,72,92.9272
7.5000e-01,70.0000,0,1,1,49942,0,56,68.9450
7.5000e-01,75.0000,3,1,4,49922,0,70,67.8665
7.5000e-01,80.0000,2,0,0,49934,0,64,64.8800
7.5000e-01,85.0000,5,0,0,49945,0,50,61.7340
7.5000e-01,90.0000,1,0,0,49914,0,85,63.1057
7.5000e-01,95.0000,2,0,0,49932,0,66,58.6180
7.5000e-01,100.0000,0,0,0,49921,0,79,57.7299
7.5000e-01,105.0000,0,0,0,49924,0,76,58.8895
7.5000e-01,110.0000,0,0,0,49922,0,78,55.4381
7.5000e-01,115.0000,0,0,0,49933,0,67,54.9115
7.5000e-01,120.0000,0,0,0,49924,0,76,53.6540
7.5000e-01,125.0000,0,0,0,49934,0,66,55.3509
7.5000e-01,130.0000,0,0,0,49933,0,67,56.3141
7.5000e-01,135.0000,0,0,0,49928,0,72,52.3689
7.5000e-01,140.0000,0,0,0,49935,0,65,55.3101
7.5000e-01,145.0000,0,0,0,49919,0,81,51.4414
7.5000e-01,150.0000,0,0,0,49946,0,54,54.0095
7.5000e-01,155.0000,0,0,0,49914,0,86,51.6247
7.5000e-01,160.0000,0,0,0,49929,0,71,50.0290
7.5000e-01,165.0000,0,0,0,49929,0,71,50.3821
7.5000e-01,170.0000,0,0,0,49916,0,84,50.0073
7.5000e-01,175.0000,0,0,0,49927,0,73,51.1393
7.5000e-01,180.0000,0,0,0,49925,0,75,49.8482
7.5000e-01,185.0000,0,0,0,49921,0,79,48.8933
7.5000e-01,190.0000,0,0,0,49924,0,76,48.6262
7.5000e-01,195.0000,0,0,0,49925,0,75,47.7504
7.5000e-01,200.0000,0,0,0,49932,0,68,48.1580
7.5000e-01,205.0000,0,0,0,49927,0,73,47.1153
7.5000e-01,210.0000,0,0,0,49923,0,77,49.4679
7.5000e-01,215.0000,0,0,0,49931,0,69,46.4812
7.5000e-01,220.0000,0,0,0,49930,0,70,47.6504
7.5000e-01,225.0000,0,0,0,49919,0,81,46.5118
7.5000e-01,230.0000,0,0,0,49908,0,92,45.5424
7.5000e-01,235.0000,0,0,0,49926,0,74,45.7706
7.5000e-01,240.0000,0,0,0,49926,0,74,45.2804
7.5000e-01,245.0000,0,0,0,49929,0,71,44.2433
7.5000e-01,250.0000,0,0,0,49925,0,75,47.5184
7.5000e-01,255.0000,0,0,0,49912,0,88,44.1755
7.5000e-01,260.0000,0,0,0,49924,0,76,45.7228
7.5000e-01,265.0000,0,0,0,49930,0,70,44.3174
7.5000e-01,270.0000,0,0,0,49917,0,83,46.1523
7.5000e-01,275.0000,0,0,1,49916,0,83,43.3326
7.5000e-01,280.0000,0,0,0,49931,0,69,46.4247
7.5000e-01,285.0000,0,0,0,49922,0,78,46.9420
7.5000e-01,290.0000,0,0,0,49921,0,79,46.1825
7.5000e-01,295.0000,0,0,0,49900,0,100,46.3494
1.0000e+03,0.0000,58,0,0,79942,0,0,263.8874
1.0000e+03,1.0000,22,0,0,79976,0,2,252.6253
1.0000e+03,2.0000,15,1,1,79981,0,2,251.9936
1.0000e+03,3.0000,13,2,1,79984,0,0,245.6558
1.0000e+03,4.0000,1,3,3,79992,0,1,238.9380
1.0000e+03,5.0000,8,1,3,79988,0,0,226.2219
1.0000e+03,6.0000,0,0,0,80000,0,0,211.6164
1.0000e+03,7.0000,3,1,2,79993,0,1,195.2672
1.0000e+03,8.0000,0,1,1,79998,0,0,180.2841
1.0000e+03,9.0000,0,1,0,79999,0,0,168.7116
1.0000e+03,10.0000,1,0,0,79998,0,1,160.5054
1.0000e+03,11.0000,0,0,0,79999,0,1,152.2735
1.0000e+03,12.0000,0,0,0,79997,0,3,142.4680
1.0000e+03,13.0000,0,0,0,80000,0,0,138.6976
1.0000e+03,14.0000,0,0,0,80000,0,0,132.6901
1.0000e+03,15.0000,0,0,0,80000,0,0,129.7996
1.0000e+03,16.0000,0,0,0,80000,0,0,129.2593
1.0000e+03,17.0000,0,0,0,79999,0,1,119.1234
1.0000e+03,18.0000,0,0,0,80000,0,0,117.7352
1.0000e+03,19.0000,0,0,0,80000,0,0,115.3486
1.0000e+03,20.0000,0,0,0,79997,0,3,111.9408
1.0000e+03,21.0000,0,0,0,79999,0,1,112.4637
1.0000e+03,22.0000,0,0,0,80000,0,0,107.2673
1.0000e+03,23.0000,0,0,0,80000,0,0,106.6270
1.0000e+03,24.0000,0,0,0,80000,0,0,105.8608
1.0000e+03,25.0000,0,0,0,79999,0,1,101.3282
1.0000e+03,26.0000,0,0,0,79999,0,1,100.0876
1.0000e+03,27.0000,0,0,0,80000,0,0,97.2291
1.0000e+03,28.0000,0,0,0,80000,0,0,97.8297
1.0000e+03,29.0000,0,0,0,80000,0,0,97.4771
1.0000e+03,30.0000,0,0,0,79999,0,1,94.3394
1.0000e+03,31.0000,0,0,0,80000,0,0,94.2187
1.0000e+03,32.0000,0,0,0,80000,0,0,94.0498
1.0000e+03,33.0000,0,0,0,80000,0,0,91.5218
1.0000e+03,34.0000,0,0,0,80000,0,0,90.7701
1.0000e+03,35.0000,0,0,0,80000,0,0,89.5202
1.0000e+03,36.0000,0,0,0,79998,0,2,87.7539
1.0000e+03,37.0000,0,0,0,79999,0,1,88.0403
1.0000e+03,38.0000,0,0,0,80000,0,0,88.7452
1.0000e+03,39.0000,0,0,0,80000,0,0,87.1345
1.0000e+02,0.0000,102,29,43,49824,0,2,230.8360
1.0000e+02,1.0000,73,28,33,49864,0,2,210.2574
1.0000e+02,2.0000,34,22,35,49906,0,3,208.6975
1.0000e+02,3.0000,36,30,34,49900,0,0,205.5015
1.0000e+02,4.0000,25,24,21,49930,0,0,200.3874
1.0000e+02,5.0000,31,36,25,49906,0,2,199.8384
1.0000e+02,6.0000,21,35,32,49910,0,2,201.9192
1.0000e+02,7.0000,11,34,25,49928,0,2,186.5668
1.0000e+02,8.0000,13,22,24,49937,0,4,172.2282
1.0000e+02,9.0000,7,22,27,49943,0,1,161.2092
1.0000e+02,10.0000,3,15,27,49953,0,2,150.8318
1.0000e+02,11.0000,4,21,12,49961,0,2,142.8214
1.0000e+02,12.0000,1,11,12,49974,0,2,128.5718
1.0000e+02,13.0000,0,7,4,49988,0,1,122.1269
1.0000e+02,14.0000,0,7,2,49990,0,1,116.5410
1.0000e+02,15.0000,1,3,3,49991,0,2,111.0794
1.0000e+02,16.0000,2,4,3,49990,0,1,110.0319
1.0000e+02,17.0000,0,1,1,49995,0,3,103.4069
1.0000e+02,18.0000,0,3,1,49994,0,2,102.3678
1.0000e+02,19.0000,0,3,0,49997,0,0,96.9631
1.0000e+02,20.0000,0,0,2,49998,0,0,96.2336
1.0000e+02,21.0000,0,0,1,49997,0,2,92.4003
1.0000e+02,22.0000,0,2,1,49996,0,1,90.8728
1.0000e+02,23.0000,0,0,0,49996,0,4,88.8506
1.0000e+02,24.0000,0,0,0,49998,0,2,84.8874
1.0000e+02,25.0000,0,0,0,49998,0,2,84.9862
1.0000e+02,26.0000,0,0,0,49999,0,1,81.9040
1.0000e+02,27.0000,0,0,0,49999,0,1,80.3072
1.0000e+02,28.0000,0,0,0,49999,0,1,80.7063
1.0000e+02,29.0000,0,0,0,50000,0,0,78.9792
1.0000e+02,30.0000,0,0,0,49997,0,3,77.8283
1.0000e+02,31.0000,0,0,0,49997,0,3,76.4887
1.0000e+02,32.0000,0,0,0,49998,0,2,75.0722
1.0000e+02,33.0000,0,0,0,49999,0,1,76.0689
1.0000e+02,34.0000,0,0,0,49998,0,2,73.9634
1.0000e+02,35.0000,0,0,0,49999,0,1,73.2848
1.0000e+02,36.0000,0,0,0,49998,0,2,72.0416
1.0000e+02,37.0000,0,0,0,50000,0,0,70.7191
1.0000e+02,38.0000,0,0,0,49996,0,4,70.5720
1.0000e+02,39.0000,0,0,0,49995,0,5,69.2345
1.0000e+02,40.0000,0,0,0,49999,0,1,69.6325
1.0000e+02,41.0000,0,0,0,49999,0,1,68.9160
1.0000e+02,42.0000,0,0,0,49999,0,1,68.0321
1.0000e+02,43.0000,0,0,0,49998,0,2,66.5469
1.0000e+02,44.0000,0,0,0,49998,0,2,66.5902
1.0000e+02,45.0000,0,0,0,50000,0,0,67.2107
1.0000e+02,46.0000,0,0,0,49998,0,2,66.1250
1.0000e+02,47.0000,0,0,0,50000,0,0,65.3159
1.0000e+02,48.0000,0,0,0,49996,0,4,64.1790
1.0000e+02,49.0000,0,0,0,49995,0,5,64.6222
1.0000e+02,50.0000,0,0,0,49997,0,3,63.3913
1.0000e+02,51.0000,0,0,0,49998,0,2,63.5913
1.0000e+02,52.0000,0,0,0,50000,0,0,63.1778
1.0000e+02,53.0000,0,0,0,49999,0,1,62.9181
1.0000e+02,54.0000,0,0,0,49997,0,3,62.2312
1.0000e+02,55.0000,0,0,0,49996,0,4,61.9690
1.0000e+02,56.0000,0,0,0,49999,0,1,61.4417
1.0000e+02,57.0000,0,0,0,50000,0,0,60.6676
1.0000e+02,58.0000,0,0,0,49999,0,1,60.1927
1.0000e+02,59.0000,0,0,0,49999,0,1,60.3581
1.0000e+02,60.0000,0,0,0,49998,0,2,60.6958
1.0000e+02,61.0000,0,0,0,50000,0,0,60.6895
1.0000e+02,62.0000,0,0,0,49999,0,1,59.3484
1.0000e+02,63.0000,0,0,0,49998,0,2,59.6461
1.0000e+02,64.0000,0,0,0,50000,0,0,59.2170
1.0000e+02,65.0000,0,0,0,49997,0,3,58.0935
1.0000e+02,66.0000,0,0,0,50000,0,0,58.6050
1.0000e+02,67.0000,0,0,0,50000,0,0,58.0540
1.0000e+02,68.0000,0,0,0,49999,0,1,57.4712
1.0000e+02,69.0000,0,0,0,49999,0,1,57.0085
1.0000e+02,70.0000,0,0,0,49998,0,2,57.1310
1.0000e+02,71.0000,0,0,0,49999,0,1,57.6611
1.0000e+02,72.0000,0,0,0,49998,0,2,57.2508
1.0000e+02,73.0000,0,0,0,49997,0,3,55.4531
1.0000e+02,74.0000,0,0,0,50000,0,0,56.3532
1.0000e+02,75.0000,0,0,0,49996,0,4,55.7442
1.0000e+02,76.0000,0,0,0,49998,0,2,56.3563
1.0000e+02,77.0000,0,0,0,49999,0,1,55.2191
1.0000e+02,78.0000,0,0,0,49998,0,2,54.9185
1.0000e+02,79.0000,0,0,0,49998,0,2,56.3945
1.0000e+02,80.0000,0,0,0,50000,0,0,55.3235
1.0000e+02,81.0000,0,0,0,50000,0,0,54.6760
1.0000e+02,82.0000,0,0,0,49999,0,1,54.7733
1.0000e+02,83.0000,0,0,0,49995,0,5,54.2149
1.0000e+02,84.0000,0,0,0,49998,0,2,54.3730
1.0000e+02,85.0000,0,0,0,49999,0,1,53.9478
1.0000e+02,86.0000,0,0,0,49997,0,3,53.5972
1.0000e+02,87.0000,0,0,0,49998,0,2,53.6638
1.0000e+02,88.0000,0,0,0,49999,0,1,53.0171
1.0000e+02,89.0000,0,0,0,49995,0,5,52.9727
1.0000e+02,90.0000,0,0,0,49996,0,4,53.4057
1.0000e+02,91.0000,0,0,0,49999,0,1,53.1653
1.0000e+02,92.0000,0,0,0,49996,0,4,52.8532
1.0000e+02,93.0000,0,0,0,49999,0,1,53.3310
1.0000e+02,94.0000,0,0,0,50000,0,0,52.6320
1.0000e+02,95.0000,0,0,0,49999,0,1,52.7127
1.0000e+02,96.0000,0,0,0,49999,0,1,52.0215
1.0000e+02,97.0000,0,0,0,49997,0,3,51.9946
1.0000e+02,98.0000,0,0,0,49998,0,2,52.7873
1.0000e+02,99.0000,0,0,0,50000,0,0,52.5251
1.0000e+01,0.0000,101,182,183,49522,0,12,466.4886
1.0000e+01,2.0000,61,207,188,49530,0,14,447.0762
1.0000e+01,4.0000,37,175,182,49598,0,8,459.5382
1.0000e+01,6.0000,44,177,141,49630,0,8,473.7536
1.0000e+01,8.0000,44,164,168,49616,0,8,451.9824
1.0000e+01,10.0000,26,182,157,49632,0,3,461.1018
1.0000e+01,12.0000,13,178,158,49644,0,7,401.2385
1.0000e+01,14.0000,9,125,122,49739,0,5,355.2985
1.0000e+01,16.0000,12,99,117,49765,0,7,290.7048
1.0000e+01,18.0000,1,72,72,49845,0,10,254.9099
1.0000e+01,20.0000,1,53,64,49870,0,12,217.0567
1.0000e+01,22.0000,2,46,33,49909,0,10,183.1607
1.0000e+01,24.0000,1,32,21,49927,0,19,180.6052
1.0000e+01,26.0000,0,20,18,49953,0,9,160.1218
1.0000e+01,28.0000,1,12,11,49969,0,7,147.5520
1.0000e+01,30.0000,1,8,9,49971,0,11,143.9456
1.0000e+01,32.0000,5,11,3,49973,0,8,141.1598
1.0000e+01,34.0000,2,3,6,49987,0,2,120.8550
1.0000e+01,36.0000,2,3,5,49977,0,13,121.6335
1.0000e+01,38.0000,3,2,2,49985,0,8,119.5016
1.0000e+01,40.0000,0,4,4,49975,0,17,111.7247
1.0000e+01,42.0000,3,0,0,49989,0,8,110.4363
1.0000e+01,44.0000,2,1,0,49989,0,8,99.9062
1.0000e+01,46.0000,4,0,0,49992,0,4,101.7261
1.0000e+01,48.0000,3,1,0,49989,0,7,94.2789
1.0000e+01,50.0000,1,0,0,49985,0,14,91.9649
1.0000e+01,52.0000,1,0,0,49990,0,9,92.3956
1.0000e+01,54.0000,1,0,0,49986,0,13,88.7716
1.0000e+01,56.0000,0,0,0,49995,0,5,86.7135
1.0000e+01,58.0000,0,0,0,49992,0,8,85.6839
1.0000e+01,60.0000,0,0,0,49996,0,4,85.1112
1.0000e+01,62.0000,0,0,0,49990,0,10,82.9921
1.0000e+01,64.0000,0,0,0,49996,0,4,81.7265
1.0000e+01,66.0000,0,0,0,49992,0,8,81.7143
1.0000e+01,68.0000,0,0,0,49990,0,10,81.2567
1.0000e+01,70.0000,0,0,0,49993,0,7,80.2297
1.0000e+01,72.0000,0,0,0,49996,0,4,79.3100
1.0000e+01,74.0000,0,0,0,49992,0,8,76.9600
1.0000e+01,76.0000,0,0,0,49983,0,17,75.9930
1.0000e+01,78.0000,0,0,0,49993,0,7,76.4738
1.0000e+01,80.0000,0,0,0,49985,0,15,75.7955
1.0000e+01,82.0000,0,0,0,49997,0,3,74.2676
1.0000e+01,84.0000,0,0,0,49984,0,16,73.3556
1.0000e+01,86.0000,0,0,0,49996,0,4,73.9729
1.0000e+01,88.0000,0,0,0,49992,0,8,71.9554
1.0000e+01,90.0000,0,0,0,49995,0,5,71.8408
1.0000e+01,92.0000,0,0,0,49994,0,6,71.9933
1.0000e+01,94.0000,0,0,0,49986,0,14,71.5999
1.0000e+01,96.0000,0,0,0,49989,0,11,69.1737
1.0000e+01,98.0000,0,0,0,49995,0,5,69.8523
1.0000e+01,100.0000,0,0,0,49989,0,11,71.2341
1.0000e+01,102.0000,0,0,0,49989,0,11,69.8697
1.0000e+01,104.0000,0,0,0,49991,0,9,68.1562
1.0000e+01,106.0000,0,0,0,49993,0,7,68.3239
1.0000e+01,108.0000,0,0,0,49995,0,5,66.4297
1.0000e+01,110.0000,0,0,0,49996,0,4,66.8209
1.0000e+01,112.0000,0,0,0,49989,0,11,66.1461
1.0000e+01,114.0000,0,0,0,49988,0,12,66.5624
1.0000e+01,116.0000,0,0,0,49993,0,7,65.1452
1.0000e+01,118.0000,0,0,0,49983,0,17,64.6497
1.0000e+01,120.0000,0,0,0,49993,0,7,65.2775
1.0000e+01,122.0000,0,0,0,49989,0,11,65.4267
1.0000e+01,124.0000,0,0,0,49990,0,10,64.3146
1.0000e+01,126.0000,0,0,0,49985,0,15,64.8012
1.0000e+01,128.0000,0,0,0,49990,0,10,63.5481
1.0000e+01,130.0000,0,0,0,49993,0,7,63.7295
1.0000e+01,132.0000,0,0,0,49993,0,7,63.6254
1.0000e+01,134.0000,0,0,0,49992,0,8,62.2748
1.0000e+01,136.0000,0,0,0,49991,0,9,62.4175
1.0000e+01,138.0000,0,0,0,49985,0,15,62.2701
1.0000e+01,140.0000,0,0,0,49993,0,7,60.9083
1.0000e+01,142.0000,0,0,0,49989,0,11,60.7854
1.0000e+01,144.0000,0,0,0,49989,0,11,60.0513
1.0000e+01,146.0000,0,0,0,49987,0,13,60.5644
1.0000e+01,148.0000,0,0,0,49994,0,6,60.4377
1.0000e+01,150.0000,0,0,0,49994,0,6,60.0122
1.0000e+01,152.0000,0,0,0,49993,0,7,59.3540
1.0000e+01,154.0000,0,0,0,49992,0,8,59.2093
1.0000e+01,156.0000,0,0,0,49995,0,5,58.8450
1.0000e+01,158.0000,0,0,0,49979,0,21,58.9911
1.0000e+01,160.0000,0,0,0,49991,0,9,59.2377
1.0000e+01,162.0000,0,0,0,49988,0,12,57.6159
1.0000e+01,164.0000,0,0,0,49992,0,8,57.5185
1.0000e+01,166.0000,0,0,0,49991,0,9,57.7019
1.0000e+01,168.0000,0,0,0,49991,0,9,57.1416
1.0000e+01,170.0000,0,0,0,49991,0,9,57.6736
1.0000e+01,172.0000,0,0,0,49992,0,8,57.1450
1.0000e+01,174.0000,0,0,0,49986,0,14,56.3720
1.0000e+01,176.0000,0,0,0,49993,0,7,56.4420
1.0000e+01,178.0000,0,0,0,49990,0,10,55.9817
1.0000e+01,180.0000,0,0,0,49993,0,7,57.1589
1.0000e+01,182.0000,0,0,0,49990,0,10,57.5362
1.0000e+01,184.0000,0,0,0,49990,0,10,56.1827
1.0000e+01,186.0000,0,0,0,49992,0,8,55.7683
1.0000e+01,188.0000,0,0,0,49989,0,11,55.1285
1.0000e+01,190.0000,0,0,0,49988,0,12,56.7848
1.0000e+01,192.0000,0,0,0,49990,0,10,54.7145
1.0000e+01,194.0000,0,0,0,49987,0,13,55.0987
1.0000e+01,196.0000,0,0,0,49992,0,8,54.6475
1.0000e+01,198.0000,0,0,0,49991,0,9,55.4604
1.2500e+03,0.0000,55,0,0,79944,0,1,258.7940
1.2500e+03,0.5000,36,0,0,79964,0,0,250.6840
1.2500e+03,1.0000,21,0,0,79978,0,1,245.0738
1.2500e+03,1.5000,13,0,0,79987,0,0,249.3031
1.2500e+03,2.0000,13,0,0,79986,0,1,249.4954
1.2500e+03,2.5000,14,1,0,79985,0,0,245.0816
1.2500e+03,3.0000,20,1,1,79976,0,2,242.7127
1.2500e+03,3.5000,10,0,1,79989,0,0,243.5326
1.2500e+03,4.0000,8,2,0,79990,0,0,235.0817
1.2500e+03,4.5000,8,1,1,79990,0,0,228.1616
1.2500e+03,5.0000,2,1,2,79994,0,1,220.1410
1.2500e+03,5.5000,1,2,4,79992,0,1,212.3550
1.2500e+03,6.0000,2,1,0,79997,0,0,201.4833
1.2500e+03,6.5000,3,0,1,79996,0,0,200.2884
1.2500e+03,7.0000,4,0,1,79995,0,0,189.9068
1.2500e+03,7.5000,1,2,0,79996,0,1,181.0938
1.2500e+03,8.0000,1,1,0,79997,0,1,177.1195
1.2500e+03,8.5000,0,0,1,79997,0,2,171.2404
1.2500e+03,9.0000,0,1,0,79998,0,1,164.5718
1.2500e+03,9.5000,1,0,0,79999,0,0,161.5658
1.2500e+03,10.0000,1,0,1,79998,0,0,155.3573
1.2500e+03,10.5000,0,0,1,79999,0,0,151.5185
1.2500e+03,11.0000,0,0,0,80000,0,0,147.2112
1.2500e+03,11.5000,0,0,0,79999,0,1,142.7226
1.2500e+03,12.0000,0,0,0,80000,0,0,143.4498
1.2500e+03,12.5000,0,0,0,80000,0,0,141.8097
1.2500e+03,13.0000,0,0,0,79998,0,2,133.0320
1.2500e+03,13.5000,0,0,0,79999,0,1,129.1424
1.2500e+03,14.0000,0,0,0,80000,0,0,128.2588
1.2500e+03,14.5000,0,0,0,80000,0,0,127.0095
1.2500e+03,15.0000,0,0,0,79999,0,1,126.5243
1.2500e+03,15.5000,0,0,0,80000,0,0,121.3666
1.2500e+03,16.0000,0,0,0,80000,0,0,125.1166
1.2500e+03,16.5000,0,0,0,79999,0,1,119.0015
1.2500e+03,17.0000,0,0,0,79999,0,1,115.8151
1.2500e+03,17.5000,0,0,0,79999,0,1,117.4947
1.2500e+03,18.0000,0,0,0,80000,0,0,112.8734
1.2500e+03,18.5000,0,0,0,79999,0,1,112.5124
1.2500e+03,19.0000,0,0,0,80000,0,0,111.7268
1.2500e+03,19.5000,0,0,0,80000,0,0,110.2849
1.5000e+03,0.0000,48,0,0,79952,0,0,257.2414
1.5000e+03,0.5000,38,0,0,79961,0,1,241.7298
1.5000e+03,1.0000,16,0,0,79984,0,0,246.1586
1.5000e+03,1.5000,19,0,0,79980,0,1,245.3034
1.5000e+03,2.0000,8,0,0,79992,0,0,247.7299
1.5000e+03,2.5000,7,0,0,79993,0,0,241.2950
1.5000e+03,3.0000,10,0,0,79990,0,0,242.6047
1.5000e+03,3.5000,9,1,0,79989,0,1,236.3599
1.5000e+03,4.0000,4,2,0,79992,0,2,239.2759
1.5000e+03,4.5000,6,0,0,79993,0,1,223.8900
1.5000e+03,5.0000,1,0,0,79999,0,0,217.1718
1.5000e+03,5.5000,3,0,1,79996,0,0,207.4992
1.5000e+03,6.0000,2,0,1,79997,0,0,202.3168
1.5000e+03,6.5000,1,1,1,79997,0,0,195.7374
1.5000e+03,7.0000,1,0,1,79998,0,0,184.9427
1.5000e+03,7.5000,1,0,2,79997,0,0,183.6201
1.5000e+03,8.0000,0,0,0,80000,0,0,172.0146
1.5000e+03,8.5000,0,0,0,80000,0,0,165.6169
1.5000e+03,9.0000,1,0,0,79999,0,0,164.2209
1.5000e+03,9.5000,0,0,0,80000,0,0,155.1987
1.5000e+03,10.0000,0,0,0,80000,0,0,154.6813
1.5000e+03,10.5000,0,0,0,80000,0,0,149.1058
1.5000e+03,11.0000,0,0,0,80000,0,0,143.5064
1.5000e+03,11.5000,0,0,0,80000,0,0,139.4101
1.5000e+03,12.0000,0,0,0,80000,0,0,136.6046
1.5000e+03,12.5000,0,0,0,80000,0,0,135.0580
1.5000e+03,13.0000,0,0,0,79998,0,2,129.6671
1.5000e+03,13.5000,0,0,0,80000,0,0,130.5978
1.5000e+03,14.0000,0,0,0,80000,0,0,126.7135
1.5000e+03,14.5000,0,0,0,79999,0,1,124.7868
1.5000e+03,15.0000,0,0,0,80000,0,0,123.5842
1.5000e+03,15.5000,0,0,0,80000,0,0,120.1232
1.5000e+03,16.0000,0,0,0,79999,0,1,120.2921
1.5000e+03,16.5000,0,0,0,80000,0,0,115.6558
1.5000e+03,17.0000,0,0,0,80000,0,0,115.2812
1.5000e+03,17.5000,0,0,0,79999,0,1,113.4170
1.5000e+03,18.0000,0,0,0,80000,0,0,112.9565
1.5000e+03,18.5000,0,0,0,80000,0,0,110.2786
1.5000e+03,19.0000,0,0,0,80000,0,0,112.9772
1.5000e+03,19.5000,0,0,0,79999,0,1,109.2218
1.7500e+03,0.0000,53,0,0,79947,0,0,80.6917
1.7500e+03,0.5000,27,0,0,79973,0,0,75.0396
1.7500e+03,1.0000,17,0,0,79983,0,0,77.1875
1.7500e+03,1.5000,5,0,0,79995,0,0,78.8871
1.7500e+03,2.0000,14,0,0,79986,0,0,80.1405
1.7500e+03,2.5000,13,0,0,79987,0,0,80.1296
1.7500e+03,3.0000,20,0,0,79980,0,0,80.9203
1.7500e+03,3.5000,6,1,0,79992,0,1,79.1191
1.7500e+03,4.0000,3,0,1,79995,0,1,81.9683
1.7500e+03,4.5000,2,0,0,79998,0,0,77.4634
1.7500e+03,5.0000,2,1,0,79997,0,0,73.6512
1.7500e+03,5.5000,3,1,2,79994,0,0,70.5737
1.7500e+03,6.0000,1,0,1,79997,0,1,68.0801
1.7500e+03,6.5000,0,1,1,79998,0,0,66.6519
1.7500e+03,7.0000,2,0,1,79997,0,0,64.7588
1.7500e+03,7.5000,2,1,0,79997,0,0,61.4376
1.7500e+03,8.0000,0,1,0,79999,0,0,59.5445
1.7500e+03,8.5000,0,2,0,79998,0,0,58.0049
1.7500e+03,9.0000,0,0,0,80000,0,0,56.0989
1.7500e+03,9.5000,0,0,1,79999,0,0,54.5088
1.7500e+03,10.0000,0,0,0,80000,0,0,53.3009
1.7500e+03,10.5000,0,0,0,79999,0,1,53.1608
1.7500e+03,11.0000,0,0,0,80000,0,0,52.7147
1.7500e+03,11.5000,0,0,0,79999,0,1,50.9254
1.7500e+03,12.0000,0,0,0,80000,0,0,49.8721
1.7500e+03,12.5000,0,0,0,80000,0,0,48.5363
1.7500e+03,13.0000,0,0,0,80000,0,0,48.7033
1.7500e+03,13.5000,0,0,0,79999,0,1,47.1341
1.7500e+03,14.0000,0,0,0,79999,0,1,47.6885
1.7500e+03,14.5000,0,0,0,80000,0,0,48.0853
1.7500e+03,15.0000,0,0,0,80000,0,0,45.3831
1.7500e+03,15.5000,0,0,0,79999,0,1,44.7767
1.7500e+03,16.0000,0,0,0,80000,0,0,45.0778
1.7500e+03,16.5000,0,0,0,79999,0,1,43.6064
1.7500e+03,17.0000,0,0,0,80000,0,0,45.1400
1.7500e+03,17.5000,0,0,0,79999,0,1,42.3604
1.7500e+03,18.0000,0,0,0,79999,0,1,42.5927
1.7500e+03,18.5000,0,0,0,80000,0,0,42.2636
1.7500e+03,19.0000,0,0,0,80000,0,0,43.3355
1.7500e+03,19.5000,0,0,0,80000,0,0,41.3701
1.0000e+00,0.0000,92,422,420,49007,0,59,230.7048
1.0000e+00,5.0000,34,363,364,49175,0,64,232.0809
1.0000e+00,10.0000,31,280,263,49361,0,65,239.7553
1.0000e+00,15.0000,23,276,259,49384,0,58,229.8541
1.0000e+00,20.0000,10,266,250,49423,0,51,194.8288
1.0000e+00,25.0000,12,197,203,49540,0,48,174.6687
1.0000e+00,30.0000,9,152,146,49649,0,44,144.8913
1.0000e+00,35.0000,3,106,92,49742,0,57,122.1953
1.0000e+00,40.0000,1,51,43,49857,0,48,100.9491
1.0000e+00,45.0000,0,29,27,49875,0,69,92.5518
1.0000e+00,50.0000,1,18,18,49890,0,73,86.5442
1.0000e+00,55.0000,3,12,5,49923,0,57,79.4351
1.0000e+00,60.0000,1,11,6,49920,0,62,74.0890
1.0000e+00,65.0000,1,4,3,49926,0,66,75.1469
1.0000e+00,70.0000,1,1,3,49933,0,62,63.4004
1.0000e+00,75.0000,4,0,0,49941,0,55,61.8298
1.0000e+00,80.0000,1,1,0,49955,0,43,61.5456
1.0000e+00,85.0000,0,0,0,49953,0,47,57.9618
1.0000e+00,90.0000,0,0,0,49948,0,52,56.1104
1.0000e+00,95.0000,0,0,0,49936,0,64,58.4016
1.0000e+00,100.0000,0,0,1,49939,0,60,58.8467
1.0000e+00,105.0000,1,0,0,49943,0,56,56.2917
1.0000e+00,110.0000,0,0,0,49951,0,49,54.1477
1.0000e+00,115.0000,0,0,0,49954,0,46,52.5881
1.0000e+00,120.0000,0,0,0,49951,0,49,51.9899
1.0000e+00,125.0000,0,0,0,49934,0,66,55.8963
1.0000e+00,130.0000,0,0,0,49938,0,62,55.4528
1.0000e+00,135.0000,0,0,0,49942,0,58,51.8736
1.0000e+00,140.0000,0,0,0,49960,0,40,51.1216
1.0000e+00,145.0000,0,0,0,49942,0,58,50.9301
1.0000e+00,150.0000,0,0,0,49940,0,60,52.7528
1.0000e+00,155.0000,0,0,0,49950,0,50,49.8026
1.0000e+00,160.0000,0,0,0,49947,0,53,48.8678
1.0000e+00,165.0000,0,0,0,49957,0,43,47.4497
1.0000e+00,170.0000,0,0,0,49949,0,51,47.1329
1.0000e+00,175.0000,0,0,0,49947,0,53,49.2322
1.0000e+00,180.0000,0,0,0,49938,0,62,50.2030
1.0000e+00,185.0000,0,0,0,49946,0,54,49.7899
1.0000e+00,190.0000,0,0,0,49933,0,67,47.3226
1.0000e+00,195.0000,0,0,0,49945,0,55,47.2435
1.0000e+00,200.0000,0,0,0,49942,0,58,46.6530
1.0000e+00,205.0000,0,0,0,49939,0,61,46.7105
1.0000e+00,210.0000,0,0,0,49936,0,64,49.3459
1.0000e+00,215.0000,0,0,0,49939,0,61,46.0025
1.0000e+00,220.0000,0,0,0,49945,0,55,47.3696
1.0000e+00,225.0000,0,0,0,49936,0,64,45.7858
1.0000e+00,230.0000,0,0,0,49939,0,61,46.0309
1.0000e+00,235.0000,0,0,0,49953,0,47,48.5498
1.0000e+00,240.0000,0,0,0,49936,0,64,47.5535
1.0000e+00,245.0000,0,0,0,49938,0,62,45.4766
1.0000e+00,250.0000,0,0,0,49940,0,60,45.1440
1.0000e+00,255.0000,0,0,1,49935,0,64,44.6539
1.0000e+00,260.0000,0,0,1,49926,0,73,42.6816
1.0000e+00,265.0000,0,0,0,49942,0,58,46.7061
1.0000e+00,270.0000,0,0,0,49935,0,65,44.6154
1.0000e+00,275.0000,0,0,0,49941,0,59,43.0121
1.0000e+00,280.0000,0,0,0,49932,0,68,41.8204
1.0000e+00,285.0000,0,0,0,49925,0,75,44.3375
1.0000e+00,290.0000,0,0,0,49937,0,63,43.1399
1.0000e+00,295.0000,0,0,0,49934,0,66,43.9887
2.0000e+03,0.0000,49,0,0,79951,0,0,80.2139
2.0000e+03,0.5000,20,0,0,79980,0,0,74.0383
2.0000e+03,1.0000,18,0,0,79982,0,0,77.1199
2.0000e+03,1.5000,11,0,0,79989,0,0,75.4985
2.0000e+03,2.0000,8,0,0,79992,0,0,77.6999
2.0000e+03,2.5000,8,0,0,79992,0,0,77.3369
2.0000e+03,3.0000,16,1,0,79983,0,0,79.3807
2.0000e+03,3.5000,4,1,2,79992,0,1,79.1583
2.0000e+03,4.0000,4,0,0,79996,0,0,77.4150
2.0000e+03,4.5000,1,2,0,79997,0,0,75.3922
2.0000e+03,5.0000,1,0,2,79996,0,1,76.7089
2.0000e+03,5.5000,2,0,0,79998,0,0,72.5829
2.0000e+03,6.0000,0,0,3,79997,0,0,71.4363
2.0000e+03,6.5000,2,1,2,79995,0,0,69.3445
2.0000e+03,7.0000,0,0,1,79999,0,0,67.7879
2.0000e+03,7.5000,0,2,0,79997,0,1,65.1580
2.0000e+03,8.0000,2,0,0,79998,0,0,63.3374
2.0000e+03,8.5000,0,0,0,79999,0,1,61.1789
2.0000e+03,9.0000,1,0,0,79999,0,0,60.2360
2.0000e+03,9.5000,0,0,1,79999,0,0,58.4342
2.0000e+03,10.0000,0,0,0,80000,0,0,56.9118
2.0000e+03,10.5000,0,0,0,80000,0,0,55.9745
2.0000e+03,11.0000,0,0,0,80000,0,0,55.0993
2.0000e+03,11.5000,0,0,0,80000,0,0,57.2018
2.0000e+03,12.0000,0,0,0,80000,0,0,54.0969
2.0000e+03,12.5000,0,0,0,80000,0,0,52.7721
2.0000e+03,13.0000,0,0,0,80000,0,0,53.5370
2.0000e+03,13.5000,0,0,0,80000,0,0,51.8913
2.0000e+03,14.0000,0,0,0,80000,0,0,50.9167
2.0000e+03,14.5000,0,0,0,80000,0,0,50.1265
2.0000e+03,15.0000,0,0,0,80000,0,0,49.5455
2.0000e+03,15.5000,0,0,0,80000,0,0,47.8569
2.0000e+03,16.0000,0,0,0,79999,0,1,47.5720
2.0000e+03,16.5000,0,0,0,79999,0,1,46.9732
2.0000e+03,17.0000,0,0,0,80000,0,0,49.4155
2.0000e+03,17.5000,0,0,0,79999,0,1,48.0168
2.0000e+03,18.0000,0,0,0,80000,0,0,47.1656
2.0000e+03,18.5000,0,0,0,80000,0,0,47.6174
2.0000e+03,19.0000,0,0,0,79999,0,1,46.6032
2.0000e+03,19.5000,0,0,0,80000,0,0,46.1514
2.5000e+03,0.0000,44,0,0,79956,0,0,251.1933
2.5000e+03,0.5000,32,0,0,79968,0,0,237.8239
2.5000e+03,1.0000,13,0,0,79987,0,0,235.9869
2.5000e+03,1.5000,5,0,0,79995,0,0,237.5660
2.5000e+03,2.0000,6,0,0,79994,0,0,237.4321
2.5000e+03,2.5000,7,0,0,79993,0,0,238.3533
2.5000e+03,3.0000,12,0,1,79987,0,0,239.0494
2.5000e+03,3.5000,3,0,0,79997,0,0,228.2219
2.5000e+03,4.0000,4,1,0,79995,0,0,223.6711
2.5000e+03,4.5000,1,0,0,79999,0,0,217.8193
2.5000e+03,5.0000,1,1,0,79998,0,0,209.8683
2.5000e+03,5.5000,0,0,0,80000,0,0,199.3628
2.5000e+03,6.0000,0,0,0,80000,0,0,199.0681
2.5000e+03,6.5000,0,0,0,80000,0,0,181.6062
2.5000e+03,7.0000,0,0,0,80000,0,0,175.4310
2.5000e+03,7.5000,0,0,0,80000,0,0,173.4406
2.5000e+03,8.0000,0,0,0,80000,0,0,164.4710
2.5000e+03,8.5000,0,0,0,80000,0,0,159.6271
2.5000e+03,9.0000,0,0,0,80000,0,0,152.4746
2.5000e+03,9.5000,1,1,0,79998,0,0,149.3494
2.5000e+03,10.0000,0,0,0,80000,0,0,148.5752
2.5000e+03,10.5000,0,0,0,80000,0,0,141.0224
2.5000e+03,11.0000,0,0,0,80000,0,0,140.7909
2.5000e+03,11.5000,0,0,0,80000,0,0,134.2505
2.5000e+03,12.0000,0,0,0,79999,0,1,129.9682
2.5000e+03,12.5000,0,0,0,80000,0,0,128.1987
2.5000e+03,13.0000,0,0,0,80000,0,0,126.2645
2.5000e+03,13.5000,0,0,0,80000,0,0,127.6893
2.5000e+03,14.0000,0,0,0,80000,0,0,122.6318
2.5000e+03,14.5000,0,0,0,80000,0,0,121.1929
2.5000e+03,15.0000,0,0,0,80000,0,0,117.1430
2.5000e+03,15.5000,0,0,0,80000,0,0,115.7609
2.5000e+03,16.0000,0,0,0,80000,0,0,117.3796
2.5000e+03,16.5000,0,0,0,80000,0,0,112.7010
2.5000e+03,17.0000,0,0,0,80000,0,0,115.3838
2.5000e+03,17.5000,0,0,0,80000,0,0,109.4875
2.5000e+03,18.0000,0,0,0,80000,0,0,110.6516
2.5000e+03,18.5000,0,0,0,80000,0,0,106.4317
2.5000e+03,19.0000,0,0,0,80000,0,0,104.2849
2.5000e+03,19.5000,0,0,0,79999,0,1,107.7794
2.5000e+02,0.0000,132,3,4,79859,0,2,95.6852
2.5000e+02,1.0000,76,8,9,79906,0,1,88.1812
2.5000e+02,2.0000,37,11,12,79939,0,1,88.8490
2.5000e+02,3.0000,29,13,8,79948,0,2,87.4957
2.5000e+02,4.0000,34,15,3,79947,0,1,90.9763
2.5000e+02,5.0000,16,14,17,79952,0,1,86.9735
2.5000e+02,6.0000,11,14,14,79960,0,1,84.0718
2.5000e+02,7.0000,6,9,9,79971,0,5,77.2101
2.5000e+02,8.0000,1,11,8,79978,0,2,76.5667
2.5000e+02,9.0000,4,6,5,79984,0,1,70.8611
2.5000e+02,10.0000,4,3,4,79988,0,1,66.2922
2.5000e+02,11.0000,2,4,2,79991,0,1,64.7588
2.5000e+02,12.0000,2,1,3,79992,0,2,62.7751
2.5000e+02,13.0000,1,0,0,79998,0,1,58.6418
2.5000e+02,14.0000,0,0,0,79999,0,1,56.7735
2.5000e+02,15.0000,0,0,0,79999,0,1,54.9397
2.5000e+02,16.0000,0,0,0,80000,0,0,54.1674
2.5000e+02,17.0000,0,0,0,79999,0,1,51.9389
2.5000e+02,18.0000,0,0,0,80000,0,0,51.7835
2.5000e+02,19.0000,0,0,0,79999,0,1,49.6385
2.5000e+02,20.0000,0,0,0,79997,0,3,51.6797
2.5000e+02,21.0000,0,0,0,79999,0,1,50.5577
2.5000e+02,22.0000,0,0,0,80000,0,0,50.5777
2.5000e+02,23.0000,0,0,0,80000,0,0,47.6694
2.5000e+02,24.0000,0,0,0,79999,0,1,46.9064
2.5000e+02,25.0000,0,0,0,79997,0,3,47.9342
2.5000e+02,26.0000,0,0,0,80000,0,0,46.9642
2.5000e+02,27.0000,0,0,0,79999,0,1,47.0505
2.5000e+02,28.0000,0,0,0,79999,0,1,45.8194
2.5000e+02,29.0000,0,0,0,79999,0,1,45.0743
2.5000e+02,30.0000,0,0,0,79998,0,2,44.8825
2.5000e+02,31.0000,0,0,0,79998,0,2,43.8408
2.5000e+02,32.0000,0,0,0,79999,0,1,43.7261
2.5000e+02,33.0000,0,0,0,79998,0,2,44.0403
2.5000e+02,34.0000,0,0,0,80000,0,0,42.4882
2.5000e+02,35.0000,0,0,0,79999,0,1,42.8005
2.5000e+02,36.0000,0,0,0,79999,0,1,42.4468
2.5000e+02,37.0000,0,0,0,80000,0,0,42.1230
2.5000e+02,38.0000,0,0,0,79997,0,3,41.4651
2.5000e+02,39.0000,0,0,0,79999,0,1,41.6030
2.5000e+00,0.0000,98,330,341,49201,0,30,620.8005
2.5000e+00,5.0000,37,263,230,49438,0,32,650.8848
2.5000e+00,10.0000,33,237,211,49495,0,24,605.8947
2.5000e+00,15.0000,19,208,215,49534,0,24,556.0893
2.5000e+00,20.0000,4,175,177,49603,0,41,425.4908
2.5000e+00,25.0000,2,86,96,49787,0,29,312.8095
2.5000e+00,30.0000,0,52,57,49866,0,25,263.5198
2.5000e+00,35.0000,0,23,25,49931,0,21,195.7459
2.5000e+00,40.0000,4,16,18,49940,0,22,167.5081
2.5000e+00,45.0000,2,9,18,49947,0,24,152.2619
2.5000e+00,50.0000,1,6,3,49972,0,18,147.9808
2.5000e+00,55.0000,1,3,2,49967,0,27,127.3629
2.5000e+00,60.0000,1,0,0,49975,0,24,111.7251
2.5000e+00,65.0000,0,0,0,49977,0,23,110.9138
2.5000e+00,70.0000,2,0,0,49972,0,26,102.7982
2.5000e+00,75.0000,2,0,0,49971,0,27,99.0161
2.5000e+00,80.0000,0,0,0,49982,0,18,96.0103
2.5000e+00,85.0000,0,0,0,49973,0,27,92.6835
2.5000e+00,90.0000,0,0,0,49973,0,27,90.7479
2.5000e+00,95.0000,0,0,0,49969,0,31,88.1764
2.5000e+00,100.0000,0,0,0,49973,0,27,85.9178
2.5000e+00,105.0000,0,0,0,49973,0,27,84.8497
2.5000e+00,110.0000,0,0,0,49973,0,27,82.3287
2.5000e+00,115.0000,0,1,0,49962,0,37,82.6474
2.5000e+00,120.0000,0,0,0,49970,0,30,79.1152
2.5000e+00,125.0000,0,0,0,49959,0,41,77.2766
2.5000e+00,130.0000,0,0,0,49975,0,25,75.7147
2.5000e+00,135.0000,0,0,0,49972,0,28,74.7407
2.5000e+00,140.0000,0,0,0,49974,0,26,73.3529
2.5000e+00,145.0000,0,0,0,49965,0,35,72.1176
2.5000e+00,150.0000,0,0,0,49970,0,30,71.3625
2.5000e+00,155.0000,0,0,0,49969,0,31,70.3570
2.5000e+00,160.0000,0,0,0,49971,0,29,70.5104
2.5000e+00,165.0000,0,0,0,49972,0,28,68.6867
2.5000e+00,170.0000,0,0,0,49967,0,33,68.0165
2.5000e+01,0.0000,111,164,125,49593,0,7,377.3807
2.5000e+01,2.0000,74,138,126,49656,0,6,342.0670
2.5000e+01,4.0000,39,143,147,49668,0,3,352.4807
2.5000e+01,6.0000,43,124,127,49702,0,4,338.5344
2.5000e+01,8.0000,17,110,147,49725,0,1,336.9734
2.5000e+01,10.0000,12,95,116,49772,0,5,311.5060
2.5000e+01,12.0000,5,67,81,49843,0,4,251.6388
2.5000e+01,14.0000,1,55,38,49902,0,4,219.3005
2.5000e+01,16.0000,5,36,37,49919,0,3,187.4963
2.5000e+01,18.0000,0,27,19,49948,0,6,159.6768
2.5000e+01,20.0000,2,12,10,49970,0,6,139.7033
2.5000e+01,22.0000,2,6,11,49975,0,6,133.5076
2.5000e+01,24.0000,1,9,4,49980,0,6,123.0258
2.5000e+01,26.0000,1,7,7,49981,0,4,118.5238
2.5000e+01,28.0000,0,1,1,49995,0,3,106.0753
2.5000e+01,30.0000,2,5,1,49988,0,4,108.5650
2.5000e+01,32.0000,0,4,2,49988,0,6,101.8832
2.5000e+01,34.0000,3,0,0,49989,0,8,97.0735
2.5000e+01,36.0000,1,0,0,49991,0,8,91.4149
2.5000e+01,38.0000,1,0,0,49994,0,5,90.7110
2.5000e+01,40.0000,2,0,0,49994,0,4,86.0152
2.5000e+01,42.0000,0,0,0,49994,0,6,85.5370
2.5000e+01,44.0000,0,0,0,49994,0,6,82.3065
2.5000e+01,46.0000,0,0,0,49995,0,5,81.5285
2.5000e+01,48.0000,0,0,0,49992,0,8,79.3471
2.5000e+01,50.0000,0,0,0,49999,0,1,78.5396
2.5000e+01,52.0000,0,0,0,49996,0,4,76.6507
2.5000e+01,54.0000,0,0,0,49999,0,1,76.0190
2.5000e+01,56.0000,0,0,0,49997,0,3,74.3559
2.5000e+01,58.0000,0,0,0,49996,0,4,73.7846
2.5000e+01,60.0000,0,0,0,49996,0,4,72.5005
2.5000e+01,62.0000,0,0,0,49999,0,1,71.7341
2.5000e+01,64.0000,0,0,0,49996,0,4,71.5928
2.5000e+01,66.0000,0,0,0,49996,0,4,70.1071
2.5000e+01,68.0000,0,0,0,49995,0,5,69.8339
2.5000e+01,70.0000,0,0,0,49994,0,6,67.8052
2.5000e+01,72.0000,0,0,0,49993,0,7,67.9342
2.5000e+01,74.0000,0,0,0,49996,0,4,67.5393
2.5000e+01,76.0000,0,0,0,49995,0,5,66.4996
2.5000e+01,78.0000,0,0,0,49994,0,6,66.0404
2.5000e+01,80.0000,0,0,0,49997,0,3,66.2308
2.5000e+01,82.0000,0,0,0,49997,0,3,65.1731
2.5000e+01,84.0000,0,0,0,49997,0,3,63.7510
2.5000e+01,86.0000,0,0,0,49992,0,8,64.7675
2.5000e+01,88.0000,0,0,0,49995,0,5,63.3252
2.5000e+01,90.0000,0,0,0,49998,0,2,62.6758
2.5000e+01,92.0000,0,0,0,49995,0,5,61.7113
2.5000e+01,94.0000,0,0,0,49996,0,4,62.5883
2.5000e+01,96.0000,0,0,0,49989,0,11,62.6531
2.5000e+01,98.0000,0,0,0,49990,0,10,60.4425
2.5000e+01,100.0000,0,0,0,49993,0,7,61.4427
2.5000e+01,102.0000,0,0,0,49999,0,1,60.3268
2.5000e+01,104.0000,0,0,0,49997,0,3,59.8738
2.5000e+01,106.0000,0,0,0,49997,0,3,59.4168
2.5000e+01,108.0000,0,0,0,49994,0,6,59.5653
2.5000e+01,110.0000,0,0,0,49996,0,4,59.2189
2.5000e+01,112.0000,0,0,0,49993,0,7,58.3689
2.5000e+01,114.0000,0,0,0,49994,0,6,57.4914
2.5000e+01,116.0000,0,0,0,49996,0,4,58.6096
2.5000e+01,118.0000,0,0,0,49998,0,2,57.1481
2.5000e+01,120.0000,0,0,0,49994,0,6,56.6854
2.5000e+01,122.0000,0,0,0,49996,0,4,57.0987
2.5000e+01,124.0000,0,0,0,49994,0,6,56.7983
2.5000e+01,126.0000,0,0,0,49994,0,6,56.4312
2.5000e+01,128.0000,0,0,0,49998,0,2,56.5126
2.5000e+01,130.0000,0,0,0,49997,0,3,55.8041
2.5000e+01,132.0000,0,0,0,49996,0,4,54.7573
2.5000e+01,134.0000,0,0,0,49993,0,7,55.5520
2.5000e+01,136.0000,0,0,0,49998,0,2,54.7885
2.5000e+01,138.0000,0,0,0,49992,0,8,53.9882
2.5000e+01,140.0000,0,0,0,49997,0,3,54.3265
2.5000e+01,142.0000,0,0,0,49996,0,4,54.3682
2.5000e+01,144.0000,0,0,0,49996,0,4,54.0041
2.5000e+01,146.0000,0,0,0,49998,0,2,53.7400
2.5000e+01,148.0000,0,0,0,49999,0,1,53.7318
2.5000e+01,150.0000,0,0,0,49999,0,1,52.4800
2.5000e+01,152.0000,0,0,0,49994,0,6,53.0181
2.5000e+01,154.0000,0,0,0,49995,0,5,52.9315
2.5000e+01,156.0000,0,0,0,49994,0,6,52.3238
2.5000e+01,158.0000,0,0,0,49997,0,3,52.3386
2.5000e+01,160.0000,0,0,0,49993,0,7,52.7699
2.5000e+01,162.0000,0,0,0,49991,0,9,51.6136
2.5000e+01,164.0000,0,0,0,49996,0,4,51.2749
2.5000e+01,166.0000,0,0,0,49993,0,7,51.0957
2.5000e+01,168.0000,0,0,0,49992,0,8,50.9359
2.5000e+01,170.0000,0,0,0,49996,0,4,51.3913
2.5000e+01,172.0000,0,0,0,49994,0,6,50.8677
2.5000e+01,174.0000,0,0,0,49991,0,9,50.8949
2.5000e+01,176.0000,0,0,0,49993,0,7,50.4947
2.5000e+01,178.0000,0,0,0,50000,0,0,50.0183
2.5000e+01,180.0000,0,0,0,49997,0,3,50.1332
2.5000e+01,182.0000,0,0,0,49990,0,10,49.8764
2.5000e+01,184.0000,0,0,0,49994,0,6,49.3917
2.5000e+01,186.0000,0,0,0,49995,0,5,50.0312
2.5000e+01,188.0000,0,0,0,49998,0,2,49.8147
2.5000e+01,190.0000,0,0,0,49995,0,5,49.6674
2.5000e+01,192.0000,0,0,0,49997,0,3,49.2222
2.5000e+01,194.0000,0,0,0,49994,0,6,49.1524
2.5000e+01,196.0000,0,0,0,49998,0,2,48.6492
2.5000e+01,198.0000,0,0,0,49997,0,3,48.1501
3.0000e+03,0.0000,46,0,0,79954,0,0,77.2216
3.0000e+03,0.5000,17,0,0,79983,0,0,72.4713
3.0000e+03,1.0000,16,0,0,79983,0,1,75.8763
3.0000e+03,1.5000,9,0,0,79991,0,0,77.3091
3.0000e+03,2.0000,3,0,0,79997,0,0,77.2914
3.0000e+03,2.5000,8,0,0,79992,0,0,77.8073
3.0000e+03,3.0000,10,0,0,79990,0,0,76.9397
3.0000e+03,3.5000,3,1,0,79996,0,0,75.5834
3.0000e+03,4.0000,2,0,0,79998,0,0,73.6553
3.0000e+03,4.5000,3,1,0,79996,0,0,71.1700
3.0000e+03,5.0000,0,1,0,79999,0,0,68.8459
3.0000e+03,5.5000,3,1,0,79996,0,0,66.9194
3.0000e+03,6.0000,0,1,0,79999,0,0,64.3701
3.0000e+03,6.5000,0,0,0,80000,0,0,62.8253
3.0000e+03,7.0000,3,0,0,79996,0,1,60.2972
3.0000e+03,7.5000,0,0,0,80000,0,0,58.7257
3.0000e+03,8.0000,0,0,0,80000,0,0,60.0698
3.0000e+03,8.5000,0,0,0,80000,0,0,56.8985
3.0000e+03,9.0000,0,0,0,80000,0,0,55.1435
3.0000e+03,9.5000,0,0,0,80000,0,0,53.6885
3.0000e+03,10.0000,0,0,0,80000,0,0,53.1870
3.0000e+03,10.5000,0,0,0,80000,0,0,50.8960
3.0000e+03,11.0000,0,0,0,80000,0,0,52.1204
3.0000e+03,11.5000,0,0,0,79999,0,1,50.2026
3.0000e+03,12.0000,0,0,0,80000,0,0,48.7563
3.0000e+03,12.5000,0,0,0,80000,0,0,47.3254
3.0000e+03,13.0000,0,0,0,80000,0,0,47.2905
3.0000e+03,13.5000,0,0,0,80000,0,0,46.4220
3.0000e+03,14.0000,0,0,0,80000,0,0,45.9648
3.0000e+03,14.5000,0,0,0,80000,0,0,46.0949
3.0000e+03,15.0000,0,0,0,80000,0,0,45.9604
3.0000e+03,15.5000,0,0,0,80000,0,0,44.8510
3.0000e+03,16.0000,0,0,0,79998,0,2,45.2021
3.0000e+03,16.5000,0,0,0,79999,0,1,44.1117
3.0000e+03,17.0000,0,0,0,80000,0,0,43.4155
3.0000e+03,17.5000,0,0,0,80000,0,0,42.0345
3.0000e+03,18.0000,0,0,0,80000,0,0,44.4091
3.0000e+03,18.5000,0,0,0,80000,0,0,45.5825
3.0000e+03,19.0000,0,0,0,79999,0,1,42.7638
3.0000e+03,19.5000,0,0,0,80000,0,0,42.2592
3.5000e+03,0.0000,40,0,0,79960,0,0,73.5321
3.5000e+03,0.5000,17,0,0,79983,0,0,72.5985
3.5000e+03,1.0000,6,0,0,79994,0,0,73.8623
3.5000e+03,1.5000,7,0,0,79993,0,0,76.1581
3.5000e+03,2.0000,8,0,0,79992,0,0,78.4749
3.5000e+03,2.5000,6,0,0,79993,0,1,78.1899
3.5000e+03,3.0000,5,0,0,79995,0,0,79.7579
3.5000e+03,3.5000,2,0,0,79998,0,0,77.4096
3.5000e+03,4.0000,0,1,0,79998,0,1,75.1120
3.5000e+03,4.5000,0,0,0,80000,0,0,72.9526
3.5000e+03,5.0000,0,0,0,80000,0,0,71.5580
3.5000e+03,5.5000,1,0,1,79998,0,0,68.2144
3.5000e+03,6.0000,0,0,0,80000,0,0,68.3729
3.5000e+03,6.5000,0,0,0,80000,0,0,65.8296
3.5000e+03,7.0000,0,0,0,79999,0,1,65.7391
3.5000e+03,7.5000,0,0,1,79999,0,0,62.3689
3.5000e+03,8.0000,0,0,0,80000,0,0,61.4189
3.5000e+03,8.5000,0,0,0,80000,0,0,59.6307
3.5000e+03,9.0000,0,0,0,80000,0,0,62.3570
3.5000e+03,9.5000,0,0,0,79999,0,1,60.4983
3.5000e+03,10.0000,0,0,0,80000,0,0,58.0182
3.5000e+03,10.5000,0,0,0,80000,0,0,56.6757
3.5000e+03,11.0000,0,0,0,80000,0,0,55.1880
3.5000e+03,11.5000,0,0,0,80000,0,0,55.4637
3.5000e+03,12.0000,0,0,0,80000,0,0,53.9377
3.5000e+03,12.5000,0,0,0,79999,0,1,52.8577
3.5000e+03,13.0000,0,0,0,80000,0,0,54.0446
3.5000e+03,13.5000,0,0,0,80000,0,0,52.6254
3.5000e+03,14.0000,0,0,0,80000,0,0,52.4426
3.5000e+03,14.5000,0,0,0,80000,0,0,53.6095
3.5000e+03,15.0000,0,0,0,80000,0,0,50.3307
3.5000e+03,15.5000,0,0,0,80000,0,0,49.6708
3.5000e+03,16.0000,0,0,0,80000,0,0,51.7400
3.5000e+03,16.5000,0,0,0,80000,0,0,48.7377
3.5000e+03,17.0000,0,0,0,80000,0,0,49.4427
3.5000e+03,17.5000,0,0,0,80000,0,0,49.0259
3.5000e+03,18.0000,0,0,0,80000,0,0,47.5521
3.5000e+03,18.5000,0,0,0,80000,0,0,47.3688
3.5000e+03,19.0000,0,0,0,80000,0,0,46.8623
3.5000e+03,19.5000,0,0,0,79999,0,1,45.9185
5.0000e+02,0.0000,89,0,0,79911,0,0,86.3345
5.0000e+02,1.0000,42,0,0,79958,0,0,81.2532
5.0000e+02,2.0000,25,2,0,79973,0,0,84.3610
5.0000e+02,3.0000,24,5,5,79963,0,3,83.3429
5.0000e+02,4.0000,14,6,2,79978,0,0,82.0960
5.0000e+02,5.0000,0,7,9,79983,0,1,82.6230
5.0000e+02,6.0000,5,6,6,79983,0,0,77.1275
5.0000e+02,7.0000,0,5,5,79988,0,2,70.2966
5.0000e+02,8.0000,2,1,3,79994,0,0,67.8782
5.0000e+02,9.0000,4,3,3,79990,0,0,64.9852
5.0000e+02,10.0000,2,0,1,79997,0,0,62.7316
5.0000e+02,11.0000,2,0,1,79997,0,0,58.1275
5.0000e+02,12.0000,0,2,0,79997,0,1,55.4684
5.0000e+02,13.0000,0,0,0,79999,0,1,56.1514
5.0000e+02,14.0000,1,0,0,79998,0,1,52.0508
5.0000e+02,15.0000,0,0,0,79999,0,1,50.5387
5.0000e+02,16.0000,0,0,0,79998,0,2,49.1691
5.0000e+02,17.0000,0,0,0,80000,0,0,47.6056
5.0000e+02,18.0000,0,0,0,79998,0,2,46.7709
5.0000e+02,19.0000,0,0,0,79999,0,1,46.2279
5.0000e+02,20.0000,0,0,0,79999,0,1,45.7344
5.0000e+02,21.0000,0,0,0,79997,0,3,44.5606
5.0000e+02,22.0000,0,0,0,80000,0,0,45.2702
5.0000e+02,23.0000,0,0,0,80000,0,0,45.2404
5.0000e+02,24.0000,0,0,0,80000,0,0,43.6624
5.0000e+02,25.0000,0,0,0,80000,0,0,43.8186
5.0000e+02,26.0000,0,0,0,79999,0,1,42.1764
5.0000e+02,27.0000,0,0,0,80000,0,0,41.3540
5.0000e+02,28.0000,0,0,0,79999,0,1,41.4423
5.0000e+02,29.0000,0,0,0,79998,0,2,42.3912
5.0000e+02,30.0000,0,0,0,80000,0,0,42.6744
5.0000e+02,31.0000,0,0,0,80000,0,0,41.1513
5.0000e+02,32.0000,0,0,0,79998,0,2,40.6476
5.0000e+02,33.0000,0,0,0,80000,0,0,40.4157
5.0000e+02,34.0000,0,0,0,79999,0,1,40.2490
5.0000e+02,35.0000,0,0,0,80000,0,0,39.2995
5.0000e+02,36.0000,0,0,0,80000,0,0,38.6932
5.0000e+02,37.0000,0,0,0,80000,0,0,38.5277
5.0000e+02,38.0000,0,0,0,80000,0,0,38.5470
5.0000e+02,39.0000,0,0,0,79999,0,1,38.5453
5.0000e+01,0.0000,111,125,112,49649,0,3,294.4827
5.0000e+01,2.0000,53,83,103,49759,0,2,273.9499
5.0000e+01,4.0000,37,89,101,49770,0,3,273.4603
5.0000e+01,6.0000,24,100,69,49801,0,6,266.7523
5.0000e+01,8.0000,15,67,77,49837,0,4,237.0539
5.0000e+01,10.0000,6,69,62,49863,0,0,210.9184
5.0000e+01,12.0000,4,25,37,49934,0,0,166.8474
5.0000e+01,14.0000,1,23,25,49946,0,5,152.2792
5.0000e+01,16.0000,2,10,17,49970,0,1,134.5697
5.0000e+01,18.0000,0,6,8,49982,0,4,126.1588
5.0000e+01,20.0000,0,4,2,49992,0,2,108.9577
5.0000e+01,22.0000,1,1,1,49996,0,1,100.1098
5.0000e+01,24.0000,0,1,2,49994,0,3,100.4998
5.0000e+01,26.0000,0,1,0,49998,0,1,97.2972
5.0000e+01,28.0000,1,0,0,49998,0,1,88.0104
5.0000e+01,30.0000,2,2,1,49991,0,4,92.2380
5.0000e+01,32.0000,4,0,0,49993,0,3,84.4730
5.0000e+01,34.0000,1,0,1,49996,0,2,83.1626
5.0000e+01,36.0000,2,0,0,49993,0,5,78.9110
5.0000e+01,38.0000,1,0,0,49998,0,1,77.2463
5.0000e+01,40.0000,0,0,0,49998,0,2,75.5035
5.0000e+01,42.0000,0,0,0,49999,0,1,73.8712
5.0000e+01,44.0000,0,0,0,49993,0,7,72.1277
5.0000e+01,46.0000,0,0,0,49996,0,4,71.5866
5.0000e+01,48.0000,0,0,0,49997,0,3,69.9245
5.0000e+01,50.0000,0,0,0,49998,0,2,69.5662
5.0000e+01,52.0000,0,0,0,49999,0,1,67.4831
5.0000e+01,54.0000,0,0,0,49998,0,2,66.6770
5.0000e+01,56.0000,0,0,0,49998,0,2,66.5420
5.0000e+01,58.0000,0,0,0,49993,0,7,65.3605
5.0000e+01,60.0000,0,0,0,49998,0,2,64.2864
5.0000e+01,62.0000,0,0,0,49998,0,2,65.1056
5.0000e+01,64.0000,0,0,0,49997,0,3,63.0054
5.0000e+01,66.0000,0,0,0,49998,0,2,62.6484
5.0000e+01,68.0000,0,0,0,49996,0,4,62.0334
5.0000e+01,70.0000,0,0,0,49999,0,1,61.3331
5.0000e+01,72.0000,0,0,0,49996,0,4,60.8801
5.0000e+01,74.0000,0,0,0,49993,0,7,60.5883
5.0000e+01,76.0000,0,0,0,49998,0,2,60.3933
5.0000e+01,78.0000,0,0,0,49996,0,4,59.6277
5.0000e+01,80.0000,0,0,0,49996,0,4,59.3382
5.0000e+01,82.0000,0,0,0,49997,0,3,58.4580
5.0000e+01,84.0000,0,0,0,49996,0,4,57.8196
5.0000e+01,86.0000,0,0,0,49998,0,2,58.1898
5.0000e+01,88.0000,0,0,0,49997,0,3,57.2669
5.0000e+01,90.0000,0,0,0,49998,0,2,56.4502
5.0000e+01,92.0000,0,0,0,49998,0,2,55.6066
5.0000e+01,94.0000,0,0,0,49999,0,1,55.1226
5.0000e+01,96.0000,0,0,0,49997,0,3,55.0062
5.0000e+01,98.0000,0,0,0,49998,0,2,55.5274
5.0000e+01,100.0000,0,0,0,50000,0,0,54.6484
5.0000e+01,102.0000,0,0,0,49999,0,1,53.8355
5.0000e+01,104.0000,0,0,0,49997,0,3,53.9976
5.0000e+01,106.0000,0,0,0,49999,0,1,55.5314
5.0000e+01,108.0000,0,0,0,49997,0,3,53.0332
5.0000e+01,110.0000,0,0,0,50000,0,0,53.4591
5.0000e+01,112.0000,0,0,0,49999,0,1,52.4084
5.0000e+01,114.0000,0,0,0,49998,0,2,52.6209
5.0000e+01,116.0000,0,0,0,49995,0,5,51.5414
5.0000e+01,118.0000,0,0,0,49996,0,4,52.3766
5.0000e+01,120.0000,0,0,0,49996,0,4,51.7567
5.0000e+01,122.0000,0,0,0,50000,0,0,52.1264
5.0000e+01,124.0000,0,0,0,49995,0,5,51.4863
5.0000e+01,126.0000,0,0,0,49999,0,1,50.8880
5.0000e+01,128.0000,0,0,0,49999,0,1,50.9752
5.0000e+01,130.0000,0,0,0,49996,0,4,50.9434
5.0000e+01,132.0000,0,0,0,49995,0,5,50.3196
5.0000e+01,134.0000,0,0,0,49999,0,1,50.1925
5.0000e+01,136.0000,0,0,0,50000,0,0,50.1821
5.0000e+01,138.0000,0,0,0,49999,0,1,49.5452
5.0000e+01,140.0000,0,0,0,49998,0,2,49.0134
5.0000e+01,142.0000,0,0,0,49995,0,5,49.9650
5.0000e+01,144.0000,0,0,0,49997,0,3,49.2823
5.0000e+01,146.0000,0,0,0,49999,0,1,48.6076
5.0000e+01,148.0000,0,0,0,49996,0,4,48.7178
5.0000e+01,150.0000,0,0,0,49998,0,2,48.3138
5.0000e+01,152.0000,0,0,0,49996,0,4,47.7075
5.0000e+01,154.0000,0,0,0,49996,0,4,47.5135
5.0000e+01,156.0000,0,0,0,49995,0,5,47.2139
5.0000e+01,158.0000,0,0,0,49998,0,2,47.8813
5.0000e+01,160.0000,0,0,0,49999,0,1,47.7639
5.0000e+01,162.0000,0,0,0,49997,0,3,46.7185
5.0000e+01,164.0000,0,0,0,49996,0,4,46.6602
5.0000e+01,166.0000,0,0,0,49997,0,3,47.0399
5.0000e+01,168.0000,0,0,0,49996,0,4,46.3186
5.0000e+01,170.0000,0,0,0,49997,0,3,46.3301
5.0000e+01,172.0000,0,0,0,49999,0,1,45.5111
5.0000e+01,174.0000,0,0,0,49996,0,4,46.4357
5.0000e+01,176.0000,0,0,0,49994,0,6,46.2009
5.0000e+01,178.0000,0,0,0,49999,0,1,45.9907
5.0000e+01,180.0000,0,0,0,49998,0,2,45.3395
5.0000e+01,182.0000,0,0,0,49997,0,3,44.5142
5.0000e+01,184.0000,0,0,0,49998,0,2,44.9181
5.0000e+01,186.0000,0,0,0,49994,0,6,45.3605
5.0000e+01,188.0000,0,0,0,49999,0,1,44.7945
5.0000e+01,190.0000,0,0,0,49999,0,1,44.9015
5.0000e+01,192.0000,0,0,0,49997,0,3,44.2738
5.0000e+01,194.0000,0,0,0,49998,0,2,43.6387
5.0000e+01,196.0000,0,0,0,50000,0,0,44.3450
5.0000e+01,198.0000,0,0,0,49999,0,1,43.4343
5.0000e+00,0.0000,94,268,230,49386,0,22,530.2984
5.0000e+00,5.0000,42,224,217,49499,0,18,542.9383
5.0000e+00,10.0000,40,216,207,49525,0,12,568.1470
5.0000e+00,15.0000,11,195,180,49598,0,16,432.7348
5.0000e+00,20.0000,1,109,125,49752,0,13,311.4644
5.0000e+00,25.0000,2,56,42,49888,0,12,214.4419
5.0000e+00,30.0000,1,26,25,49936,0,12,168.0265
5.0000e+00,35.0000,5,21,7,49956,0,11,161.2685
5.0000e+00,40.0000,2,6,7,49965,0,20,140.1628
5.0000e+00,45.0000,2,2,9,49972,0,15,121.2161
5.0000e+00,50.0000,1,2,2,49982,0,13,106.0930
5.0000e+00,55.0000,1,0,1,49981,0,17,103.1319
5.0000e+00,60.0000,2,0,0,49985,0,13,96.3957
5.0000e+00,65.0000,3,0,0,49985,0,12,93.1866
5.0000e+00,70.0000,0,0,0,49986,0,14,87.9150
5.0000e+00,75.0000,0,0,0,49992,0,8,84.2854
5.0000e+00,80.0000,0,0,0,49984,0,16,84.7653
5.0000e+00,85.0000,0,0,0,49987,0,13,79.1482
5.0000e+00,90.0000,0,0,0,49984,0,16,79.1581
5.0000e+00,95.0000,0,0,0,49982,0,18,74.9334
5.0000e+00,100.0000,0,0,0,49981,0,19,73.1544
5.0000e+00,105.0000,0,0,0,49983,0,17,72.2062
5.0000e+00,110.0000,0,0,0,49978,0,22,70.9659
5.0000e+00,115.0000,0,0,0,49983,0,17,69.4165
5.0000e+00,120.0000,0,0,0,49980,0,20,69.0757
5.0000e+00,125.0000,0,0,0,49987,0,13,67.5503
5.0000e+00,130.0000,0,0,0,49981,0,19,66.4730
5.0000e+00,135.0000,0,0,0,49979,0,21,65.8430
5.0000e+00,140.0000,0,0,0,49976,0,24,65.8875
5.0000e+00,145.0000,0,0,0,49977,0,23,65.0194
5.0000e+00,150.0000,0,0,0,49981,0,19,62.6438
5.0000e+00,155.0000,0,0,0,49978,0,22,62.5925
5.0000e+00,160.0000,0,0,0,49979,0,21,61.7092
5.0000e+00,165.0000,0,0,0,49986,0,14,60.8159
5.0000e+00,170.0000,0,0,0,49986,0,14,60.4987
5.0000e+00,175.0000,0,0,0,49987,0,13,59.8272
5.0000e+00,180.0000,0,0,0,49990,0,10,59.2196
5.0000e+00,185.0000,0,0,0,49980,0,20,60.4992
5.0000e+00,190.0000,0,0,0,49986,0,14,57.8191
5.0000e+00,195.0000,0,0,0,49981,0,19,57.8040
5.0000e+00,200.0000,0,0,0,49980,0,20,56.1578
5.0000e+00,205.0000,0,0,0,49977,0,23,56.1373
5.0000e+00,210.0000,0,0,0,49986,0,14,54.7394
5.0000e+00,215.0000,0,0,0,49978,0,22,55.4457
5.0000e+00,220.0000,0,0,0,49979,0,21,53.6844
5.0000e+00,225.0000,0,0,0,49980,0,20,54.2334
5.0000e+00,230.0000,0,0,0,49979,0,21,54.6561
5.0000e+00,235.0000,0,0,0,49978,0,22,52.0250
5.0000e+00,240.0000,0,0,0,49985,0,15,52.9530
5.0000e+00,245.0000,0,0,0,49980,0,20,51.4875
5.0000e+00,250.0000,0,0,0,49983,0,17,50.9887
5.0000e+00,255.0000,0,0,0,49982,0,18,50.5675
5.0000e+00,260.0000,0,0,0,49975,0,25,50.3949
5.0000e+00,265.0000,0,0,0,49976,0,24,50.0193
5.0000e+00,270.0000,0,0,0,49976,0,24,49.7335
7.5000e+02,0.0000,78,0,0,79922,0,0,278.9542
7.5000e+02,1.0000,35,0,0,79963,0,2,258.8914
7.5000e+02,2.0000,13,1,0,79986,0,0,253.4611
7.5000e+02,3.0000,16,0,3,79981,0,0,249.3902
7.5000e+02,4.0000,4,1,4,79991,0,0,254.5540
7.5000e+02,5.0000,5,2,5,79988,0,0,238.6715
7.5000e+02,6.0000,4,1,3,79992,0,0,216.3675
7.5000e+02,7.0000,1,1,0,79996,0,2,200.0641
7.5000e+02,8.0000,1,3,0,79995,0,1,187.0825
7.5000e+02,9.0000,1,1,2,79996,0,0,174.2740
7.5000e+02,10.0000,0,1,0,79999,0,0,166.4928
7.5000e+02,11.0000,1,0,1,79998,0,0,157.8986
7.5000e+02,12.0000,0,0,0,79999,0,1,157.8013
7.5000e+02,13.0000,0,0,0,80000,0,0,144.2832
7.5000e+02,14.0000,0,0,0,79999,0,1,137.5236
7.5000e+02,15.0000,0,0,0,80000,0,0,131.4846
7.5000e+02,16.0000,0,0,0,80000,0,0,127.9162
7.5000e+02,17.0000,0,0,0,80000,0,0,123.7618
7.5000e+02,18.0000,0,0,0,79998,0,2,124.7358
7.5000e+02,19.0000,0,0,0,79999,0,1,119.0875
7.5000e+02,20.0000,0,0,0,80000,0,0,115.4295
7.5000e+02,21.0000,0,0,0,80000,0,0,112.1883
7.5000e+02,22.0000,0,0,0,79998,0,2,111.1542
7.5000e+02,23.0000,0,0,0,80000,0,0,109.2042
7.5000e+02,24.0000,0,0,0,80000,0,0,109.1747
7.5000e+02,25.0000,0,0,0,79999,0,1,104.7192
7.5000e+02,26.0000,0,0,0,80000,0,0,107.0718
7.5000e+02,27.0000,0,0,0,79998,0,2,101.3406
7.5000e+02,28.0000,0,0,0,80000,0,0,101.7636
7.5000e+02,29.0000,0,0,0,79999,0,1,100.1969
7.5000e+02,30.0000,0,0,0,80000,0,0,98.8804
7.5000e+02,31.0000,0,0,0,79999,0,1,98.7273
7.5000e+02,32.0000,0,0,0,79999,0,1,96.1543
7.5000e+02,33.0000,0,0,0,79997,0,3,94.5920
7.5000e+02,34.0000,0,0,0,80000,0,0,97.4172
7.5000e+02,35.0000,0,0,0,80000,0,0,93.0810
7.5000e+02,36.0000,0,0,0,80000,0,0,91.6096
7.5000e+02,37.0000,0,0,0,79999,0,1,90.8775
7.5000e+02,38.0000,0,0,0,80000,0,0,91.5668
7.5000e+02,39.0000,0,0,0,80000,0,0,88.3820
7.5000e+00,0.0000,105,200,216,49459,0,20,504.0820
7.5000e+00,2.0000,63,236,216,49475,0,10,499.9003
7.5000e+00,4.0000,42,192,209,49545,0,12,486.2719
7.5000e+00,6.0000,36,208,210,49536,0,10,481.8992
7.5000e+00,8.0000,37,186,175,49590,0,12,478.3363
7.5000e+00,10.0000,27,189,175,49599,0,10,483.9544
7.5000e+00,12.0000,13,199,161,49614,0,13,454.2949
7.5000e+00,14.0000,8,168,147,49668,0,9,382.2075
7.5000e+00,16.0000,4,116,131,49731,0,18,340.6861
7.5000e+00,18.0000,2,100,100,49784,0,14,301.3532
7.5000e+00,20.0000,2,80,68,49833,0,17,248.8914
7.5000e+00,22.0000,0,50,56,49883,0,11,215.2678
7.5000e+00,24.0000,2,42,37,49911,0,8,195.2873
7.5000e+00,26.0000,1,19,37,49936,0,7,176.5859
7.5000e+00,28.0000,3,17,13,49955,0,12,156.3690
7.5000e+00,30.0000,0,6,12,49971,0,11,142.3714
7.5000e+00,32.0000,1,8,7,49970,0,14,147.2531
7.5000e+00,34.0000,1,10,5,49976,0,8,134.6471
7.5000e+00,36.0000,2,8,7,49971,0,12,127.4472
7.5000e+00,38.0000,4,1,3,49977,0,15,129.4891
7.5000e+00,40.0000,1,6,5,49973,0,15,126.0436
7.5000e+00,42.0000,0,2,5,49979,0,14,113.9135
7.5000e+00,44.0000,2,4,2,49979,0,13,112.7829
7.5000e+00,46.0000,5,2,0,49981,0,12,107.5214
7.5000e+00,48.0000,4,0,0,49980,0,16,100.4258
7.5000e+00,50.0000,1,0,0,49990,0,9,96.2975
7.5000e+00,52.0000,1,0,0,49989,0,10,95.5378
7.5000e+00,54.0000,0,1,0,49989,0,10,96.7623
7.5000e+00,56.0000,0,0,0,49992,0,8,90.3206
7.5000e+00,58.0000,0,0,0,49991,0,9,88.0775
7.5000e+00,60.0000,0,0,0,49983,0,17,87.8161
7.5000e+00,62.0000,0,0,0,49987,0,13,86.3669
7.5000e+00,64.0000,0,0,0,49989,0,11,85.1477
7.5000e+00,66.0000,0,0,0,49993,0,7,84.5790
7.5000e+00,68.0000,0,0,0,49985,0,15,83.1928
7.5000e+00,70.0000,0,0,0,49980,0,20,82.4637
7.5000e+00,72.0000,0,0,0,49983,0,17,81.3231
7.5000e+00,74.0000,0,0,0,49992,0,8,79.7756
7.5000e+00,76.0000,0,0,0,49990,0,10,79.7665
7.5000e+00,78.0000,0,0,0,49988,0,12,78.4615
7.5000e+00,80.0000,0,0,0,49993,0,7,78.2078
7.5000e+00,82.0000,0,0,0,49992,0,8,77.6478
7.5000e+00,84.0000,0,0,0,49989,0,11,76.2573
7.5000e+00,86.0000,0,0,0,49991,0,9,75.5117
7.5000e+00,88.0000,0,0,0,49987,0,13,74.7494
7.5000e+00,90.0000,0,0,0,49986,0,14,73.2476
7.5000e+00,92.0000,0,0,0,49992,0,8,72.8522
7.5000e+00,94.0000,0,0,0,49990,0,10,72.8519
7.5000e+00,96.0000,0,0,0,49995,0,5,72.1382
7.5000e+00,98.0000,0,0,0,49994,0,6,71.3919
7.5000e+00,100.0000,0,0,0,49988,0,12,71.9869
7.5000e+00,102.0000,0,0,0,49986,0,14,70.7591
7.5000e+00,104.0000,0,0,0,49984,0,16,68.9537
7.5000e+00,106.0000,0,0,0,49990,0,10,70.2877
7.5000e+00,108.0000,0,0,0,49991,0,9,69.1810
7.5000e+00,110.0000,0,0,0,49987,0,13,68.6910
7.5000e+00,112.0000,0,0,0,49990,0,10,68.3491
7.5000e+00,114.0000,0,0,0,49989,0,11,67.6763
7.5000e+00,116.0000,0,0,0,49988,0,12,67.8681
7.5000e+00,118.0000,0,0,0,49989,0,11,67.8864
7.5000e+00,120.0000,0,0,0,49986,0,14,66.5130
7.5000e+00,122.0000,0,0,0,49985,0,15,65.9585
7.5000e+00,124.0000,0,0,0,49988,0,12,65.8460
7.5000e+00,126.0000,0,0,0,49990,0,10,65.6500
7.5000e+00,128.0000,0,0,0,49987,0,13,66.3136
7.5000e+00,130.0000,0,0,0,49986,0,14,65.0337
7.5000e+00,132.0000,0,0,0,49983,0,17,64.7371
7.5000e+00,134.0000,0,0,0,49987,0,13,65.0381
7.5000e+00,136.0000,0,0,0,49989,0,11,64.1972
7.5000e+00,138.0000,0,0,0,49986,0,14,64.7448
7.5000e+00,140.0000,0,0,0,49981,0,19,63.6369
7.5000e+00,142.0000,0,0,0,49988,0,12,62.7872
7.5000e+00,144.0000,0,0,0,49984,0,16,62.5211
7.5000e+00,146.0000,0,0,0,49993,0,7,62.1256
7.5000e+00,148.0000,0,0,0,49989,0,11,61.5074
7.5000e+00,150.0000,0,0,0,49992,0,8,60.8759
7.5000e+00,152.0000,0,0,0,49983,0,17,60.6949
7.5000e+00,154.0000,0,0,0,49988,0,12,59.9514
7.5000e+00,156.0000,0,0,0,49990,0,10,60.9955
7.5000e+00,158.0000,0,0,0,49980,0,20,60.3297
7.5000e+00,160.0000,0,0,0,49984,0,16,59.5768
7.5000e+00,162.0000,0,0,0,49991,0,9,59.6526
7.5000e+00,164.0000,0,0,0,49988,0,12,59.2574
7.5000e+00,166.0000,0,0,0,49987,0,13,59.8862
7.5000e+00,168.0000,0,0,0,49985,0,15,59.1582
7.5000e+00,170.0000,0,0,0,49989,0,11,58.3049
7.5000e+00,172.0000,0,0,0,49989,0,11,58.3108
7.5000e+00,174.0000,0,0,0,49989,0,11,57.8372
7.5000e+00,176.0000,0,0,0,49986,0,14,58.4344
7.5000e+00,178.0000,0,0,0,49988,0,12,58.2943
7.5000e+00,180.0000,0,0,0,49987,0,13,57.4333
7.5000e+00,182.0000,0,0,0,49983,0,17,57.6310
7.5000e+00,184.0000,0,0,0,49987,0,13,56.4659
7.5000e+00,186.0000,0,0,0,49987,0,13,56.7026
7.5000e+00,188.0000,0,0,0,49987,0,13,56.2972
7.5000e+00,190.0000,0,0,0,49986,0,14,55.4996
7.5000e+00,192.0000,0,0,0,49989,0,11,55.4529
7.5000e+00,194.0000,0,0,0,49987,0,13,54.9837
7.5000e+00,196.0000,0,0,0,49991,0,9,55.1085
7.5000e+00,198.0000,0,0,0,49986,0,14,54.8316
7.5000e+01,0.0000,110,93,71,59723,0,3,96.6547
7.5000e+01,1.0000,89,62,67,59779,0,3,85.5946
7.5000e+01,2.0000,49,59,58,59827,0,7,86.9447
7.5000e+01,3.0000,46,56,51,59844,0,3,88.8704
7.5000e+01,4.0000,37,55,52,59853,0,3,90.7607
7.5000e+01,5.0000,45,38,56,59858,0,3,89.6393
7.5000e+01,6.0000,30,55,65,59847,0,3,89.9643
7.5000e+01,7.0000,17,48,72,59859,0,4,84.7277
7.5000e+01,8.0000,8,40,55,59894,0,3,79.2315
7.5000e+01,9.0000,4,46,38,59908,0,4,75.8732
7.5000e+01,10.0000,7,51,39,59903,0,0,71.3260
7.5000e+01,11.0000,3,27,27,59938,0,5,66.4974
7.5000e+01,12.0000,3,17,25,59953,0,2,62.2313
7.5000e+01,13.0000,0,12,14,59973,0,1,57.5523
7.5000e+01,14.0000,1,2,5,59991,0,1,59.1551
7.5000e+01,15.0000,0,10,9,59980,0,1,55.5574
7.5000e+01,16.0000,2,6,0,59991,0,1,52.5761
7.5000e+01,17.0000,1,2,1,59992,0,4,55.0894
7.5000e+01,18.0000,1,4,1,59993,0,1,50.3345
7.5000e+01,19.0000,1,1,1,59993,0,4,50.7034
7.5000e+01,20.0000,2,2,2,59992,0,2,52.0859
7.5000e+01,21.0000,1,4,1,59989,0,5,49.5737
7.5000e+01,22.0000,0,1,0,59996,0,3,49.7096
7.5000e+01,23.0000,0,2,1,59993,0,4,46.2889
7.5000e+01,24.0000,1,0,1,59994,0,4,45.0169
7.5000e+01,25.0000,0,0,1,59997,0,2,44.9139
7.5000e+01,26.0000,0,0,1,59993,0,6,46.0758
7.5000e+01,27.0000,0,0,0,59998,0,2,42.4234
7.5000e+01,28.0000,1,0,0,59999,0,0,41.9778
7.5000e+01,29.0000,1,0,0,59996,0,3,43.4957
7.5000e+01,30.0000,1,0,0,59997,0,2,40.7184
7.5000e+01,31.0000,1,0,0,59999,0,0,40.5683
7.5000e+01,32.0000,1,0,0,59995,0,4,40.2933
7.5000e+01,33.0000,4,0,1,59990,0,5,39.9586
7.5000e+01,34.0000,1,0,0,59995,0,4,40.9461
7.5000e+01,35.0000,0,0,0,59997,0,3,40.0531
7.5000e+01,36.0000,1,0,0,59995,0,4,39.1508
7.5000e+01,37.0000,0,0,0,59999,0,1,41.5782
7.5000e+01,38.0000,0,0,0,60000,0,0,38.3069
7.5000e+01,39.0000,0,0,0,59998,0,2,38.8427
7.5000e+01,40.0000,0,0,0,59997,0,3,37.5574
7.5000e+01,41.0000,1,0,0,59997,0,2,37.5520
7.5000e+01,42.0000,0,0,0,59997,0,3,37.1683
7.5000e+01,43.0000,0,0,0,60000,0,0,38.5351
7.5000e+01,44.0000,0,0,0,59995,0,5,36.8565
7.5000e+01,45.0000,0,0,0,59999,0,1,37.0664
7.5000e+01,46.0000,0,0,0,59998,0,2,40.6867
7.5000e+01,47.0000,0,0,0,59998,0,2,37.7144
7.5000e+01,48.0000,0,0,0,59997,0,3,37.6663
7.5000e+01,49.0000,0,0,0,59998,0,2,39.2708