e,b,n12,n23,n31,nd,nc,rej,time
1.0000e-02,0.0000,1001,3216,11,25096,0,676,747.3940
1.0000e-02,20.0000,633,3044,10,25710,0,603,756.1333
1.0000e-02,40.0000,606,2758,1,26029,0,606,719.2123
1.0000e-02,60.0000,647,2460,12,26265,0,616,754.2553
1.0000e-02,80.0000,683,2157,7,26555,0,598,777.8167
1.0000e-02,100.0000,581,2335,3,26455,0,626,806.0392
1.0000e-02,120.0000,618,2498,3,26237,0,644,759.0960
1.0000e-02,140.0000,535,1965,7,26861,0,632,691.7262
1.0000e-02,160.0000,545,1656,11,27126,0,662,683.4106
1.0000e-02,180.0000,439,1310,9,27538,0,704,616.8781
1.0000e-02,200.0000,277,857,6,28186,0,674,479.6453
1.0000e-02,220.0000,218,600,1,28454,0,727,407.4984
1.0000e-02,240.0000,131,337,1,28787,0,744,355.2425
1.0000e-02,260.0000,65,213,0,28924,0,798,297.1675
1.0000e-02,280.0000,31,169,0,28966,0,834,248.5661
1.0000e-02,300.0000,25,124,0,28982,0,869,231.0502
1.0000e-02,320.0000,6,89,0,29045,0,860,196.3154
1.0000e-02,340.0000,8,71,1,28975,0,945,180.4220
1.0000e-02,360.0000,6,44,0,28924,0,1026,160.0033
1.0000e-02,380.0000,4,34,0,28888,0,1074,142.5984
1.0000e-02,400.0000,2,26,0,28902,0,1070,136.5280
1.0000e-02,420.0000,0,25,0,28835,0,1140,122.2676
1.0000e-02,440.0000,1,16,0,28775,0,1208,114.9785
1.0000e-02,460.0000,1,19,0,28849,0,1131,107.2896
1.0000e-02,480.0000,0,15,0,28883,0,1102,103.1654
1.0000e-02,500.0000,0,15,0,28796,0,1189,98.1307
1.0000e-02,520.0000,0,13,0,28820,0,1167,92.1685
1.0000e-02,540.0000,0,13,0,28901,0,1086,86.8419
1.0000e-02,560.0000,0,15,0,28863,0,1122,83.3195
1.0000e-02,580.0000,0,11,0,28921,0,1068,80.0963
1.0000e-02,600.0000,0,7,0,28924,0,1069,77.3059
1.0000e-02,620.0000,0,10,0,28940,0,1050,75.7718
1.0000e-02,640.0000,0,5,0,29024,0,971,69.0345
1.0000e-02,660.0000,0,5,0,28991,0,1004,67.2175
1.0000e-02,680.0000,0,5,0,29051,0,944,67.1669
1.0000e-02,700.0000,0,11,0,28982,0,1007,63.2849
1.0000e-02,720.0000,0,10,0,29044,0,946,60.5821
1.0000e-02,740.0000,0,5,0,29031,0,964,58.7831
1.0000e-02,760.0000,0,4,0,29081,0,915,57.2761
1.0000e-02,780.0000,0,7,1,29075,0,917,54.6431
2.5000e-02,0.0000,699,2419,12,26553,0,317,230.5465
2.5000e-02,10.0000,495,2400,6,26822,0,277,213.8038
2.5000e-02,20.0000,468,2185,7,27026,0,314,220.7737
2.5000e-02,30.0000,391,2130,14,27159,0,306,266.7180
2.5000e-02,40.0000,448,1979,3,27277,0,293,272.3912
2.5000e-02,50.0000,479,1929,8,27305,0,279,222.4131
2.5000e-02,60.0000,492,1726,13,27464,0,305,237.1135
2.5000e-02,70.0000,506,1782,15,27406,0,291,279.6124
2.5000e-02,80.0000,442,1924,7,27329,0,298,244.2780
2.5000e-02,90.0000,438,2002,3,27224,0,333,296.2650
2.5000e-02,100.0000,412,1832,8,27417,0,331,243.9436
2.5000e-02,110.0000,403,1529,6,27735,0,327,236.6872
2.5000e-02,120.0000,398,1337,9,27938,0,318,230.0559
2.5000e-02,130.0000,394,1189,6,28111,0,300,257.0719
2.5000e-02,140.0000,338,1082,11,28253,0,316,214.1947
2.5000e-02,150.0000,319,903,5,28473,0,300,197.8183
2.5000e-02,160.0000,210,630,7,28852,0,301,174.4824
2.5000e-02,170.0000,187,473,6,29015,0,319,150.8994
2.5000e-02,180.0000,135,363,5,29178,0,319,155.5380
2.5000e-02,190.0000,86,251,0,29341,0,322,136.0142
2.5000e-02,200.0000,45,182,0,29440,0,333,125.4066
2.5000e-02,210.0000,34,172,2,29441,0,351,119.0191
2.5000e-02,220.0000,36,114,0,29500,0,350,104.7568
2.5000e-02,230.0000,17,89,0,29557,0,337,102.3051
2.5000e-02,240.0000,19,84,0,29563,0,334,97.1513
2.5000e-02,250.0000,14,73,0,29578,0,335,89.8628
2.5000e-02,260.0000,9,48,0,29544,0,399,88.3436
2.5000e-02,270.0000,10,31,0,29556,0,403,80.3923
2.5000e-02,280.0000,11,33,0,29616,0,340,79.7459
2.5000e-02,290.0000,10,27,0,29564,0,399,74.9408
2.5000e-02,300.0000,5,23,1,29575,0,396,73.7016
2.5000e-02,310.0000,3,12,1,29591,0,393,69.4708
2.5000e-02,320.0000,8,23,0,29560,0,409,94.8919
2.5000e-02,330.0000,5,16,0,29517,0,462,65.0517
2.5000e-02,340.0000,1,15,0,29545,0,439,74.2914
2.5000e-02,350.0000,0,15,0,29491,0,494,66.4886
2.5000e-02,360.0000,2,14,0,29508,0,476,65.8980
2.5000e-02,370.0000,2,4,0,29524,0,470,60.2882
2.5000e-02,380.0000,0,14,0,29518,0,468,60.4874
2.5000e-02,390.0000,0,6,0,29488,0,506,59.9465
2.5000e-02,400.0000,0,19,0,29429,0,552,56.1292
2.5000e-02,410.0000,0,6,0,29404,0,590,79.1845
2.5000e-02,420.0000,0,11,0,29413,0,576,57.6573
2.5000e-02,430.0000,0,10,0,29421,0,569,58.8117
2.5000e-02,440.0000,0,8,0,29394,0,598,52.9080
2.5000e-02,450.0000,0,6,0,29376,0,618,52.1376
2.5000e-02,460.0000,0,7,0,29386,0,607,48.9558
2.5000e-02,470.0000,0,4,0,29454,0,542,49.4230
2.5000e-02,480.0000,0,6,0,29408,0,586,47.8274
2.5000e-02,490.0000,0,9,0,29350,0,641,53.0003
2.5000e-02,500.0000,0,10,0,29394,0,596,50.3621
2.5000e-02,510.0000,0,7,0,29369,0,624,48.5959
2.5000e-02,520.0000,0,3,0,29412,0,585,50.2156
2.5000e-02,530.0000,0,9,0,29404,0,587,47.0963
2.5000e-02,540.0000,0,5,1,29415,0,579,51.2479
2.5000e-02,550.0000,0,7,1,29389,0,603,50.7740
2.5000e-02,560.0000,0,6,0,29479,0,515,49.1931
2.5000e-02,570.0000,0,9,0,29437,0,554,45.4042
2.5000e-02,580.0000,0,7,1,29415,0,577,44.8965
2.5000e-02,590.0000,0,5,0,29430,0,565,44.1767
2.5000e-02,600.0000,0,4,0,29463,0,533,49.4154
2.5000e-02,610.0000,0,2,0,29458,0,540,48.1591
2.5000e-02,620.0000,0,9,0,29522,0,469,47.4436
2.5000e-02,630.0000,0,7,0,29486,0,507,46.9236
2.5000e-02,640.0000,0,4,0,29468,0,528,47.7726
2.5000e-02,650.0000,0,3,0,29501,0,496,47.3371
2.5000e-02,660.0000,0,3,0,29535,0,462,46.2029
2.5000e-02,670.0000,0,7,0,29543,0,450,41.4464
2.5000e-02,680.0000,0,3,0,29505,0,492,41.1626
2.5000e-02,690.0000,0,3,0,29503,0,494,45.9545
2.5000e-02,700.0000,0,5,0,29492,0,503,44.5207
2.5000e-02,710.0000,0,1,0,29561,0,438,45.0552
2.5000e-02,720.0000,0,3,0,29539,0,458,45.1440
2.5000e-02,730.0000,0,5,0,29500,0,495,38.1694
2.5000e-02,740.0000,0,3,0,29514,0,483,39.4624
2.5000e-02,750.0000,0,4,0,29559,0,437,40.6542
2.5000e-02,760.0000,0,2,0,29496,0,502,39.7213
2.5000e-02,770.0000,0,1,0,29599,0,400,38.2769
2.5000e-02,780.0000,0,3,0,29517,0,480,43.8233
2.5000e-02,790.0000,0,2,0,29534,0,464,44.0874
5.0000e-02,0.0000,619,1910,7,27291,0,173,639.3438
5.0000e-02,15.0000,396,1763,15,27656,0,170,719.1873
5.0000e-02,30.0000,344,1561,14,27907,0,174,637.0525
5.0000e-02,45.0000,373,1483,9,27960,0,175,636.5064
5.0000e-02,60.0000,354,1447,12,28022,0,165,713.3824
5.0000e-02,75.0000,346,1557,11,27906,0,180,675.1365
5.0000e-02,90.0000,332,1212,6,28298,0,152,612.4107
5.0000e-02,105.0000,324,1015,11,28478,0,172,630.0436
5.0000e-02,120.0000,290,783,10,28728,0,189,543.6489
5.0000e-02,135.0000,178,511,7,29129,0,175,435.2257
5.0000e-02,150.0000,123,245,5,29426,0,201,360.1875
5.0000e-02,165.0000,44,167,2,29583,0,204,288.2778
5.0000e-02,180.0000,26,136,1,29657,0,180,255.1918
5.0000e-02,195.0000,17,69,0,29710,0,204,210.3318
5.0000e-02,210.0000,6,51,0,29752,0,191,191.7955
5.0000e-02,225.0000,5,28,1,29796,0,170,172.6802
5.0000e-02,240.0000,6,24,0,29792,0,178,161.8151
5.0000e-02,255.0000,4,19,0,29779,0,198,145.1308
5.0000e-02,270.0000,2,13,0,29806,0,179,135.0605
5.0000e-02,285.0000,2,14,0,29764,0,220,138.8976
5.0000e-02,300.0000,1,12,0,29781,0,206,119.7302
5.0000e-02,315.0000,1,5,0,29770,0,224,113.1322
5.0000e-02,330.0000,0,4,0,29727,0,269,102.9569
5.0000e-02,345.0000,0,7,0,29744,0,249,100.0291
5.0000e-02,360.0000,1,9,0,29699,0,291,93.4469
5.0000e-02,375.0000,0,4,0,29689,0,307,89.2794
5.0000e-02,390.0000,0,7,0,29660,0,333,85.8671
5.0000e-02,405.0000,0,1,1,29673,0,325,82.7344
5.0000e-02,420.0000,0,1,0,29711,0,288,79.0963
5.0000e-02,435.0000,0,5,0,29653,0,342,73.8871
5.0000e-02,450.0000,0,5,0,29612,0,383,72.4052
5.0000e-02,465.0000,0,2,0,29606,0,392,68.5776
5.0000e-02,480.0000,0,7,0,29646,0,347,66.7284
5.0000e-02,495.0000,0,4,0,29618,0,378,66.4093
5.0000e-02,510.0000,0,2,0,29630,0,368,63.1092
5.0000e-02,525.0000,0,0,0,29614,0,386,61.6721
5.0000e-02,540.0000,0,2,0,29630,0,368,59.7526
5.0000e-02,555.0000,0,4,0,29650,0,346,58.2586
5.0000e-02,570.0000,0,2,0,29674,0,324,55.8982
5.0000e-02,585.0000,0,1,0,29724,0,275,56.5518
7.5000e-02,0.0000,502,1625,10,27740,0,123,617.3604
7.5000e-02,15.0000,315,1452,17,28085,0,131,642.2612
7.5000e-02,30.0000,265,1265,11,28335,0,124,623.2045
7.5000e-02,45.0000,299,1218,4,28368,0,111,628.6462
7.5000e-02,60.0000,329,1318,8,28229,0,116,655.7247
7.5000e-02,75.0000,311,1243,4,28329,0,113,560.4421
7.5000e-02,90.0000,254,822,7,28790,0,127,558.5916
7.5000e-02,105.0000,264,763,18,28809,0,146,547.6067
7.5000e-02,120.0000,198,467,6,29190,0,139,445.2131
7.5000e-02,135.0000,116,259,4,29486,0,135,344.2358
7.5000e-02,150.0000,47,140,3,29681,0,129,283.8893
7.5000e-02,165.0000,24,82,1,29775,0,118,240.1488
7.5000e-02,180.0000,12,44,0,29792,0,152,197.8279
7.5000e-02,195.0000,7,33,1,29818,0,141,186.3578
7.5000e-02,210.0000,1,17,0,29829,0,153,158.4408
7.5000e-02,225.0000,2,9,0,29842,0,147,144.6000
7.5000e-02,240.0000,4,10,0,29849,0,137,161.4838
7.5000e-02,255.0000,4,5,0,29847,0,144,124.5907
7.5000e-02,270.0000,5,7,1,29834,0,153,120.7915
7.5000e-02,285.0000,3,6,0,29845,0,146,110.8758
7.5000e-02,300.0000,2,3,0,29821,0,174,102.3756
7.5000e-02,315.0000,2,6,0,29841,0,151,98.1964
7.5000e-02,330.0000,0,2,0,29831,0,167,92.8506
7.5000e-02,345.0000,0,2,0,29800,0,198,86.7961
7.5000e-02,360.0000,0,3,0,29783,0,214,82.3077
7.5000e-02,375.0000,1,0,0,29781,0,218,78.0606
7.5000e-02,390.0000,0,1,0,29772,0,227,74.1191
7.5000e-02,405.0000,0,4,0,29765,0,231,71.0654
7.5000e-02,420.0000,0,5,0,29766,0,229,68.3086
7.5000e-02,435.0000,0,2,0,29717,0,281,65.8673
7.5000e-02,450.0000,0,2,0,29702,0,296,63.1752
7.5000e-02,465.0000,0,3,0,29712,0,285,59.5801
7.5000e-02,480.0000,0,0,0,29735,0,265,58.7100
7.5000e-02,495.0000,0,3,0,29720,0,277,57.3320
7.5000e-02,510.0000,0,2,0,29714,0,284,55.9985
7.5000e-02,525.0000,0,1,0,29741,0,258,54.3489
7.5000e-02,540.0000,0,1,0,29755,0,244,51.6552
7.5000e-02,555.0000,0,3,0,29759,0,238,50.4915
7.5000e-02,570.0000,0,3,0,29752,0,245,48.4581
7.5000e-02,585.0000,0,2,0,29765,0,233,48.0028
1.0000e-01,0.0000,469,1373,20,28019,0,119,191.9381
1.0000e-01,5.0000,333,1374,18,28164,0,111,206.4166
1.0000e-01,10.0000,348,1333,15,28185,0,119,246.8741
1.0000e-01,15.0000,278,1263,13,28348,0,98,203.9119
1.0000e-01,20.0000,264,1237,10,28396,0,93,200.1043
1.0000e-01,25.0000,280,1185,15,28427,0,93,197.2770
1.0000e-01,30.0000,298,1116,12,28478,0,96,187.8933
1.0000e-01,35.0000,290,1160,18,28432,0,100,211.6640
1.0000e-01,40.0000,265,1122,13,28487,0,113,220.3773
1.0000e-01,45.0000,272,1087,9,28522,0,110,258.3320
1.0000e-01,50.0000,269,1072,10,28555,0,94,232.0345
1.0000e-01,55.0000,268,1109,10,28512,0,101,220.8650
1.0000e-01,60.0000,281,1217,7,28396,0,99,229.4174
1.0000e-01,65.0000,266,1154,10,28461,0,109,213.1834
1.0000e-01,70.0000,275,1106,7,28519,0,93,202.5669
1.0000e-01,75.0000,286,948,6,28649,0,111,208.2008
1.0000e-01,80.0000,266,783,10,28829,0,112,215.7660
1.0000e-01,85.0000,258,801,9,28814,0,118,186.5962
1.0000e-01,90.0000,253,736,13,28901,0,97,233.0587
1.0000e-01,95.0000,258,693,8,28926,0,115,258.0707
1.0000e-01,100.0000,207,653,11,29021,0,108,190.2048
1.0000e-01,105.0000,192,552,11,29134,0,111,213.8882
1.0000e-01,110.0000,188,451,9,29240,0,112,172.6415
1.0000e-01,115.0000,162,334,11,29385,0,108,160.3879
1.0000e-01,120.0000,121,312,5,29454,0,108,159.4988
1.0000e-01,125.0000,83,231,6,29556,0,124,154.7848
1.0000e-01,130.0000,75,202,1,29620,0,102,139.8241
1.0000e-01,135.0000,63,162,2,29670,0,103,133.0722
1.0000e-01,140.0000,33,145,2,29711,0,109,114.5009
1.0000e-01,145.0000,25,93,0,29770,0,112,125.4850
1.0000e-01,150.0000,24,99,0,29763,0,114,100.9794
1.0000e-01,155.0000,18,60,0,29815,0,107,89.9896
1.0000e-01,160.0000,12,59,0,29825,0,104,93.3920
1.0000e-01,165.0000,11,49,0,29819,0,121,92.7681
1.0000e-01,170.0000,12,42,0,29840,0,106,113.6893
1.0000e-01,175.0000,13,24,0,29876,0,87,80.0761
1.0000e-01,180.0000,8,15,0,29872,0,105,77.6557
1.0000e-01,185.0000,7,22,0,29874,0,97,99.4615
1.0000e-01,190.0000,4,15,1,29846,0,134,75.4563
1.0000e-01,195.0000,6,23,0,29850,0,121,69.6543
1.0000e-01,200.0000,6,16,0,29867,0,111,70.0789
1.0000e-01,205.0000,1,7,0,29899,0,93,70.0075
1.0000e-01,210.0000,5,12,1,29868,0,114,84.9837
1.0000e-01,215.0000,0,6,1,29876,0,117,66.6740
1.0000e-01,220.0000,3,10,0,29867,0,120,66.9978
1.0000e-01,225.0000,1,11,0,29884,0,104,64.2166
1.0000e-01,230.0000,2,6,0,29882,0,110,63.2546
1.0000e-01,235.0000,3,6,0,29854,0,137,63.3833
1.0000e-01,240.0000,1,6,1,29874,0,118,65.4920
1.0000e-01,245.0000,3,9,0,29883,0,105,64.5227
1.0000e-01,250.0000,0,4,0,29866,0,130,59.6672
1.0000e-01,255.0000,3,3,0,29871,0,123,60.4469
1.0000e-01,260.0000,4,3,0,29868,0,125,59.9187
1.0000e-01,265.0000,1,4,0,29878,0,117,59.6924
1.0000e-01,270.0000,0,1,0,29889,0,110,57.9205
1.0000e-01,275.0000,2,5,0,29876,0,117,56.2347
1.0000e-01,280.0000,2,6,0,29825,0,167,54.8142
1.0000e-01,285.0000,3,2,0,29859,0,136,78.0214
1.0000e-01,290.0000,0,2,0,29866,0,132,54.4234
1.0000e-01,295.0000,0,4,0,29867,0,129,54.1420
1.0000e-01,300.0000,0,5,0,29866,0,129,49.9701
1.0000e-01,305.0000,0,5,1,29858,0,136,51.7392
1.0000e-01,310.0000,0,3,0,29862,0,135,52.6089
1.0000e-01,315.0000,0,5,0,29872,0,123,55.3913
1.0000e-01,320.0000,1,4,0,29841,0,154,52.7905
1.0000e-01,325.0000,0,4,0,29870,0,126,67.3251
1.0000e-01,330.0000,1,3,0,29831,0,165,53.8797
1.0000e-01,335.0000,0,2,0,29853,0,145,51.0831
1.0000e-01,340.0000,0,6,0,29858,0,136,56.0731
1.0000e-01,345.0000,0,3,0,29848,0,149,50.9979
1.0000e-01,350.0000,0,9,0,29843,0,148,52.9559
1.0000e-01,355.0000,0,2,0,29860,0,138,47.3898
1.0000e-01,360.0000,0,3,0,29832,0,165,49.8746
1.0000e-01,365.0000,1,3,0,29822,0,174,51.1539
1.0000e-01,370.0000,0,3,1,29822,0,174,76.2305
1.0000e-01,375.0000,0,3,0,29847,0,150,46.8770
1.0000e-01,380.0000,1,1,0,29846,0,152,46.2878
1.0000e-01,385.0000,0,4,0,29828,0,168,44.3955
1.0000e-01,390.0000,0,3,0,29816,0,181,45.9269
1.0000e-01,395.0000,0,5,0,29819,0,176,45.9524
2.5000e-01,0.0000,440,969,17,28528,0,46,178.3372
2.5000e-01,5.0000,280,938,17,28714,0,51,197.8968
2.5000e-01,10.0000,255,973,13,28712,0,47,186.3081
2.5000e-01,15.0000,225,849,17,28866,0,43,194.2637
2.5000e-01,20.0000,251,847,13,28849,0,40,195.7685
2.5000e-01,25.0000,215,806,15,28927,0,37,213.1569
2.5000e-01,30.0000,213,745,19,28966,0,57,200.9631
2.5000e-01,35.0000,214,783,10,28939,0,54,209.5832
2.5000e-01,40.0000,227,760,18,28950,0,45,198.7457
2.5000e-01,45.0000,203,825,9,28913,0,50,200.2172
2.5000e-01,50.0000,209,838,13,28895,0,45,197.3289
2.5000e-01,55.0000,193,747,6,29003,0,51,181.3618
2.5000e-01,60.0000,214,699,8,29040,0,39,182.8993
2.5000e-01,65.0000,200,596,6,29147,0,51,195.0125
2.5000e-01,70.0000,207,555,11,29173,0,54,181.0405
2.5000e-01,75.0000,214,502,10,29224,0,50,181.7213
2.5000e-01,80.0000,176,513,14,29252,0,45,181.8581
2.5000e-01,85.0000,155,383,14,29379,0,69,184.7615
2.5000e-01,90.0000,116,292,4,29549,0,39,162.5948
2.5000e-01,95.0000,110,226,4,29610,0,50,132.7242
2.5000e-01,100.0000,90,182,4,29682,0,42,127.2280
2.5000e-01,105.0000,63,124,2,29750,0,61,115.3940
2.5000e-01,110.0000,43,101,2,29794,0,60,106.4230
2.5000e-01,115.0000,15,72,2,29854,0,57,105.7954
2.5000e-01,120.0000,28,55,0,29866,0,51,121.3204
2.5000e-01,125.0000,16,44,1,29879,0,60,125.8447
2.5000e-01,130.0000,11,29,0,29908,0,52,79.8926
2.5000e-01,135.0000,8,26,0,29923,0,43,83.8932
2.5000e-01,140.0000,6,17,0,29913,0,64,75.7192
2.5000e-01,145.0000,0,18,0,29934,0,48,77.3814
2.5000e-01,150.0000,2,15,0,29928,0,55,66.9945
2.5000e-01,155.0000,3,9,0,29946,0,42,71.4778
2.5000e-01,160.0000,2,3,0,29952,0,43,66.3633
2.5000e-01,165.0000,2,5,0,29941,0,52,98.6951
2.5000e-01,170.0000,2,4,0,29940,0,54,63.4372
2.5000e-01,175.0000,1,5,0,29944,0,50,60.6124
2.5000e-01,180.0000,1,5,0,29930,0,64,57.4635
2.5000e-01,185.0000,1,2,0,29948,0,49,57.6611
2.5000e-01,190.0000,3,4,0,29932,0,61,57.8110
2.5000e-01,195.0000,0,2,0,29942,0,56,56.6655
2.5000e-01,200.0000,2,4,0,29939,0,55,58.5823
2.5000e-01,205.0000,1,2,0,29936,0,61,56.3956
2.5000e-01,210.0000,0,1,0,29952,0,47,55.7425
2.5000e-01,215.0000,1,2,0,29930,0,67,53.3158
2.5000e-01,220.0000,0,2,0,29944,0,54,55.0702
2.5000e-01,225.0000,0,4,0,29943,0,53,52.2822
2.5000e-01,230.0000,2,2,0,29947,0,49,48.5611
2.5000e-01,235.0000,0,1,0,29936,0,63,50.6362
2.5000e-01,240.0000,1,0,0,29927,0,72,49.2816
2.5000e-01,245.0000,1,0,0,29941,0,58,47.4917
2.5000e-01,250.0000,0,1,0,29946,0,53,51.8106
2.5000e-01,255.0000,0,0,0,29932,0,68,51.3586
2.5000e-01,260.0000,0,2,0,29957,0,41,50.4903
2.5000e-01,265.0000,1,1,0,29923,0,75,49.7883
2.5000e-01,270.0000,0,1,0,29948,0,51,50.7384
2.5000e-01,275.0000,0,1,0,29925,0,74,47.6151
2.5000e-01,280.0000,1,2,0,29927,0,70,45.0765
2.5000e-01,285.0000,1,1,0,29946,0,52,43.1692
2.5000e-01,290.0000,0,1,0,29943,0,56,44.8423
2.5000e-01,295.0000,0,2,0,29935,0,63,44.7047
2.5000e-01,300.0000,0,2,0,29934,0,64,43.9153
2.5000e-01,305.0000,0,0,0,29935,0,65,43.0820
2.5000e-01,310.0000,0,0,0,29924,0,76,43.6351
2.5000e-01,315.0000,0,0,0,29927,0,73,41.5374
2.5000e-01,320.0000,0,0,0,29943,0,57,42.5708
2.5000e-01,325.0000,0,0,0,29946,0,54,41.9342
2.5000e-01,330.0000,1,1,0,29928,0,70,40.5532
2.5000e-01,335.0000,0,1,0,29925,0,74,40.3860
2.5000e-01,340.0000,1,1,0,29933,0,65,40.4887
2.5000e-01,345.0000,0,1,0,29923,0,76,41.5596
2.5000e-01,350.0000,0,0,0,29925,0,75,38.8481
2.5000e-01,355.0000,0,1,0,29937,0,62,41.3245
2.5000e-01,360.0000,0,0,0,29919,0,81,41.3202
2.5000e-01,365.0000,0,0,0,29915,0,85,38.1699
2.5000e-01,370.0000,0,0,0,29915,0,85,40.2974
2.5000e-01,375.0000,0,0,0,29921,0,79,39.9551
2.5000e-01,380.0000,0,2,0,29927,0,71,39.8614
2.5000e-01,385.0000,0,3,0,29900,0,97,37.5552
2.5000e-01,390.0000,0,0,0,29887,0,113,38.3566
2.5000e-01,395.0000,0,0,0,29912,0,88,39.9364
5.0000e-01,0.0000,359,747,29,28831,0,34,200.5960
5.0000e-01,5.0000,205,791,24,28954,0,26,188.7121
5.0000e-01,10.0000,193,698,19,29061,0,29,186.2941
5.0000e-01,15.0000,189,704,13,29065,0,29,156.6505
5.0000e-01,20.0000,204,628,20,29116,0,32,172.1619
5.0000e-01,25.0000,199,626,15,29134,0,26,188.2826
5.0000e-01,30.0000,186,614,13,29158,0,29,184.2970
5.0000e-01,35.0000,200,632,18,29113,0,37,196.6565
5.0000e-01,40.0000,188,719,10,29064,0,19,197.4774
5.0000e-01,45.0000,193,608,15,29155,0,29,180.8001
5.0000e-01,50.0000,190,615,17,29152,0,26,205.5811
5.0000e-01,55.0000,174,474,18,29306,0,28,198.1863
5.0000e-01,60.0000,177,394,11,29391,0,27,190.3982
5.0000e-01,65.0000,170,417,15,29368,0,30,189.6874
5.0000e-01,70.0000,130,352,7,29479,0,32,164.6523
5.0000e-01,75.0000,126,240,6,29591,0,37,176.4337
5.0000e-01,80.0000,85,179,8,29694,0,34,133.3275
5.0000e-01,85.0000,68,133,4,29756,0,39,131.4350
5.0000e-01,90.0000,35,89,0,29840,0,36,117.4106
5.0000e-01,95.0000,19,71,3,29881,0,26,114.2453
5.0000e-01,100.0000,23,68,1,29877,0,31,92.0391
5.0000e-01,105.0000,16,41,0,29905,0,38,81.6993
5.0000e-01,110.0000,6,25,0,29939,0,30,83.5045
5.0000e-01,115.0000,0,18,1,29949,0,32,76.4335
5.0000e-01,120.0000,6,12,0,29951,0,31,69.3070
5.0000e-01,125.0000,1,6,1,29967,0,25,81.7594
5.0000e-01,130.0000,3,3,0,29971,0,23,64.4869
5.0000e-01,135.0000,3,6,0,29957,0,34,61.9240
5.0000e-01,140.0000,1,5,0,29961,0,33,60.0271
5.0000e-01,145.0000,1,2,0,29968,0,29,64.3881
5.0000e-01,150.0000,1,0,0,29966,0,33,55.5707
5.0000e-01,155.0000,1,2,0,29963,0,34,55.1059
5.0000e-01,160.0000,0,1,0,29978,0,21,76.5483
5.0000e-01,165.0000,0,0,0,29966,0,34,51.5892
5.0000e-01,170.0000,0,2,0,29962,0,36,51.9592
5.0000e-01,175.0000,0,2,0,29956,0,42,50.8884
5.0000e-01,180.0000,0,0,0,29974,0,26,47.4003
5.0000e-01,185.0000,0,0,0,29963,0,37,51.1285
5.0000e-01,190.0000,0,1,0,29969,0,30,49.1418
5.0000e-01,195.0000,1,0,0,29964,0,35,48.4150
5.0000e-01,200.0000,0,1,0,29964,0,35,47.1807
5.0000e-01,205.0000,0,2,0,29971,0,27,47.8993
5.0000e-01,210.0000,2,0,0,29957,0,41,47.2994
5.0000e-01,215.0000,0,0,0,29957,0,43,45.8681
5.0000e-01,220.0000,0,1,0,29954,0,45,57.5323
5.0000e-01,225.0000,0,1,0,29960,0,39,44.9819
5.0000e-01,230.0000,0,1,0,29970,0,29,44.7667
5.0000e-01,235.0000,0,1,0,29971,0,28,42.7218
5.0000e-01,240.0000,0,1,0,29959,0,40,41.7668
5.0000e-01,245.0000,0,0,0,29966,0,34,44.3315
5.0000e-01,250.0000,1,0,0,29966,0,33,38.1549
5.0000e-01,255.0000,0,0,0,29962,0,38,41.3634
5.0000e-01,260.0000,0,0,0,29962,0,38,41.6649
5.0000e-01,265.0000,0,1,0,29961,0,38,37.9317
5.0000e-01,270.0000,0,0,0,29969,0,31,41.2684
5.0000e-01,275.0000,0,0,0,29970,0,30,42.1870
5.0000e-01,280.0000,0,0,0,29968,0,32,40.5654
5.0000e-01,285.0000,1,0,0,29961,0,38,41.8160
5.0000e-01,290.0000,0,0,0,29953,0,47,38.0444
5.0000e-01,295.0000,0,0,0,29958,0,42,38.4197
5.0000e-01,300.0000,0,0,0,29970,0,30,38.3619
5.0000e-01,305.0000,0,0,0,29965,0,35,38.7915
5.0000e-01,310.0000,0,0,0,29968,0,32,37.7490
5.0000e-01,315.0000,0,1,0,29965,0,34,36.0182
5.0000e-01,320.0000,0,0,0,29959,0,41,37.4887
5.0000e-01,325.0000,0,0,0,29969,0,31,37.1587
5.0000e-01,330.0000,0,1,0,29950,0,49,36.8548
5.0000e-01,335.0000,0,0,0,29953,0,47,36.8472
5.0000e-01,340.0000,0,1,0,29958,0,41,36.6369
5.0000e-01,345.0000,0,0,0,29961,0,39,36.0564
5.0000e-01,350.0000,0,1,0,29955,0,44,35.6069
5.0000e-01,355.0000,0,1,0,29958,0,41,37.5690
5.0000e-01,360.0000,0,0,0,29971,0,29,37.3046
5.0000e-01,365.0000,0,1,0,29951,0,48,34.2614
5.0000e-01,370.0000,0,0,0,29948,0,52,35.7541
5.0000e-01,375.0000,0,0,0,29951,0,49,34.2654
5.0000e-01,380.0000,0,0,0,29936,0,64,34.6881
5.0000e-01,385.0000,0,0,0,29959,0,41,33.1253
5.0000e-01,390.0000,0,0,0,29943,0,57,36.5760
5.0000e-01,395.0000,0,0,0,29951,0,49,36.7271
7.5000e-01,0.0000,312,658,19,28985,0,26,174.8307
7.5000e-01,5.0000,210,637,12,29129,0,12,163.3623
7.5000e-01,10.0000,198,599,16,29161,0,26,181.8296
7.5000e-01,15.0000,175,614,12,29183,0,16,160.8243
7.5000e-01,20.0000,143,585,19,29231,0,22,168.7695
7.5000e-01,25.0000,182,509,11,29289,0,9,177.4868
7.5000e-01,30.0000,163,534,13,29269,0,21,175.1237
7.5000e-01,35.0000,189,585,20,29185,0,21,213.5783
7.5000e-01,40.0000,148,605,17,29211,0,19,223.0511
7.5000e-01,45.0000,157,505,13,29303,0,22,173.6627
7.5000e-01,50.0000,171,412,10,29393,0,14,172.1925
7.5000e-01,55.0000,149,395,13,29419,0,24,182.0760
7.5000e-01,60.0000,154,339,16,29469,0,22,166.1139
7.5000e-01,65.0000,129,271,14,29562,0,24,140.6043
7.5000e-01,70.0000,86,217,10,29656,0,31,132.3083
7.5000e-01,75.0000,59,146,4,29770,0,21,137.2349
7.5000e-01,80.0000,43,92,1,29835,0,29,106.7210
7.5000e-01,85.0000,19,70,0,29886,0,25,106.4244
7.5000e-01,90.0000,19,72,0,29886,0,23,97.6074
7.5000e-01,95.0000,8,24,0,29956,0,12,73.8743
7.5000e-01,100.0000,1,19,2,29962,0,16,82.4183
7.5000e-01,105.0000,2,19,0,29954,0,25,67.0677
7.5000e-01,110.0000,3,5,0,29974,0,18,71.1058
7.5000e-01,115.0000,1,6,0,29980,0,13,65.9740
7.5000e-01,120.0000,0,2,0,29979,0,19,71.9938
7.5000e-01,125.0000,1,1,0,29977,0,21,61.3974
7.5000e-01,130.0000,2,1,0,29970,0,27,58.5487
7.5000e-01,135.0000,1,2,0,29966,0,31,59.2958
7.5000e-01,140.0000,0,0,0,29977,0,23,55.6178
7.5000e-01,145.0000,0,3,0,29968,0,29,50.7447
7.5000e-01,150.0000,0,2,0,29972,0,26,51.2447
7.5000e-01,155.0000,0,2,0,29976,0,22,47.8820
7.5000e-01,160.0000,0,0,0,29976,0,24,52.6922
7.5000e-01,165.0000,0,0,0,29973,0,27,50.8969
7.5000e-01,170.0000,0,1,0,29980,0,19,50.8930
7.5000e-01,175.0000,0,0,0,29974,0,26,50.3867
7.5000e-01,180.0000,0,0,0,29974,0,26,45.9443
7.5000e-01,185.0000,0,0,0,29980,0,20,48.2239
7.5000e-01,190.0000,0,0,0,29977,0,23,46.3944
7.5000e-01,195.0000,0,0,0,29976,0,24,46.0016
7.5000e-01,200.0000,0,0,0,29974,0,26,47.1945
7.5000e-01,205.0000,0,0,0,29984,0,16,43.7699
7.5000e-01,210.0000,0,0,0,29978,0,22,46.2419
7.5000e-01,215.0000,0,1,0,29973,0,26,46.1188
7.5000e-01,220.0000,1,0,0,29980,0,19,45.5241
7.5000e-01,225.0000,0,0,0,29973,0,27,45.2550
7.5000e-01,230.0000,0,1,0,29961,0,38,44.4050
7.5000e-01,235.0000,0,0,0,29974,0,26,43.4042
7.5000e-01,240.0000,0,0,0,29968,0,32,42.1926
7.5000e-01,245.0000,0,0,0,29981,0,19,42.4355
7.5000e-01,250.0000,0,0,0,29974,0,26,41.8892
7.5000e-01,255.0000,0,0,0,29977,0,23,40.4038
7.5000e-01,260.0000,0,0,0,29979,0,21,41.2069
7.5000e-01,265.0000,2,1,0,29978,0,19,47.6119
7.5000e-01,270.0000,1,1,0,29971,0,27,40.7949
7.5000e-01,275.0000,0,0,0,29965,0,35,42.1406
7.5000e-01,280.0000,0,0,0,29977,0,23,39.6484
7.5000e-01,285.0000,0,0,0,29969,0,31,39.8394
7.5000e-01,290.0000,0,0,0,29972,0,28,39.6976
7.5000e-01,295.0000,0,1,0,29978,0,21,40.0399
7.5000e-01,300.0000,0,1,0,29965,0,34,37.6125
7.5000e-01,305.0000,0,0,0,29968,0,32,39.6179
7.5000e-01,310.0000,0,0,0,29969,0,31,38.4084
7.5000e-01,315.0000,0,0,0,29962,0,38,34.0350
7.5000e-01,320.0000,0,0,0,29971,0,29,38.3560
7.5000e-01,325.0000,0,0,0,29969,0,31,39.5341
7.5000e-01,330.0000,0,1,0,29964,0,35,37.0272
7.5000e-01,335.0000,0,0,0,29966,0,34,35.9773
7.5000e-01,340.0000,0,0,0,29961,0,39,36.8868
7.5000e-01,345.0000,0,0,0,29971,0,29,37.3518
7.5000e-01,350.0000,0,1,0,29968,0,31,38.5754
7.5000e-01,355.0000,0,0,0,29968,0,32,37.0871
7.5000e-01,360.0000,0,0,0,29959,0,41,36.0061
7.5000e-01,365.0000,0,0,0,29962,0,38,36.7465
7.5000e-01,370.0000,0,1,0,29960,0,39,34.2507
7.5000e-01,375.0000,0,0,0,29962,0,38,34.6058
7.5000e-01,380.0000,0,0,0,29958,0,42,36.5411
7.5000e-01,385.0000,0,0,0,29964,0,36,35.7535
7.5000e-01,390.0000,0,0,0,29947,0,53,36.3999
7.5000e-01,395.0000,0,0,0,29958,0,42,36.1859
1.0000e+03,0.0000,74,93,3,29830,0,0,59.8180
1.0000e+03,0.5000,82,84,4,29829,0,1,62.1432
1.0000e+03,1.0000,52,78,8,29862,0,0,62.1999
1.0000e+03,1.5000,33,86,8,29873,0,0,62.8442
1.0000e+03,2.0000,25,85,9,29881,0,0,65.3933
1.0000e+03,2.5000,22,76,7,29895,0,0,66.9234
1.0000e+03,3.0000,7,63,2,29928,0,0,64.3486
1.0000e+03,3.5000,11,57,1,29931,0,0,63.3732
1.0000e+03,4.0000,6,65,2,29927,0,0,67.7533
1.0000e+03,4.5000,4,60,2,29934,0,0,63.8996
1.0000e+03,5.0000,1,49,2,29947,0,1,66.0671
1.0000e+03,5.5000,5,44,1,29950,0,0,65.2226
1.0000e+03,6.0000,6,37,1,29956,0,0,67.9417
1.0000e+03,6.5000,8,39,1,29952,0,0,67.9516
1.0000e+03,7.0000,4,30,2,29964,0,0,74.1654
1.0000e+03,7.5000,9,37,0,29954,0,0,70.9666
1.0000e+03,8.0000,6,26,2,29966,0,0,70.2901
1.0000e+03,8.5000,10,28,2,29960,0,0,75.5294
1.0000e+03,9.0000,13,17,0,29970,0,0,82.5428
1.0000e+03,9.5000,18,16,1,29965,0,0,74.0072
1.0000e+03,10.0000,8,14,0,29978,0,0,82.4285
1.0000e+03,10.5000,10,19,2,29969,0,0,95.8671
1.0000e+03,11.0000,10,18,0,29972,0,0,78.4342
1.0000e+03,11.5000,14,18,0,29968,0,0,70.6617
1.0000e+03,12.0000,8,19,1,29972,0,0,70.8465
1.0000e+03,12.5000,12,15,0,29973,0,0,74.3268
1.0000e+03,13.0000,9,12,1,29978,0,0,65.0184
1.0000e+03,13.5000,6,11,0,29983,0,0,67.9603
1.0000e+03,14.0000,3,11,0,29986,0,0,59.5705
1.0000e+03,14.5000,5,5,0,29990,0,0,65.5754
1.0000e+03,15.0000,3,4,0,29993,0,0,58.1111
1.0000e+03,15.5000,1,3,0,29996,0,0,55.8800
1.0000e+03,16.0000,2,0,0,29998,0,0,53.7991
1.0000e+03,16.5000,1,2,0,29997,0,0,43.6160
1.0000e+03,17.0000,1,2,0,29997,0,0,53.7150
1.0000e+03,17.5000,0,1,0,29999,0,0,43.7786
1.0000e+03,18.0000,2,0,0,29998,0,0,47.4319
1.0000e+03,18.5000,1,0,0,29999,0,0,51.6470
1.0000e+03,19.0000,0,0,0,30000,0,0,41.7343
1.0000e+03,19.5000,0,1,0,29999,0,0,44.5735
1.0000e+03,20.0000,0,1,0,29998,0,1,38.5785
1.0000e+03,20.5000,1,0,0,29999,0,0,40.0927
1.0000e+03,21.0000,0,0,0,30000,0,0,39.8673
1.0000e+03,21.5000,0,0,0,30000,0,0,36.6973
1.0000e+03,22.0000,0,0,0,30000,0,0,38.9897
1.0000e+03,22.5000,0,0,0,30000,0,0,38.5629
1.0000e+03,23.0000,0,0,0,30000,0,0,38.2744
1.0000e+03,23.5000,0,0,0,30000,0,0,37.4976
1.0000e+03,24.0000,0,0,0,30000,0,0,36.0265
1.0000e+03,24.5000,0,0,0,30000,0,0,36.5379
1.0000e+03,25.0000,0,0,0,30000,0,0,35.0059
1.0000e+03,25.5000,0,0,0,30000,0,0,36.3206
1.0000e+03,26.0000,0,0,0,30000,0,0,36.7324
1.0000e+03,26.5000,0,0,0,30000,0,0,34.9501
1.0000e+03,27.0000,0,0,0,29999,0,1,35.1118
1.0000e+03,27.5000,0,0,0,29999,0,1,35.1700
1.0000e+03,28.0000,0,0,0,30000,0,0,34.4152
1.0000e+03,28.5000,0,0,0,30000,0,0,31.8889
1.0000e+03,29.0000,0,0,0,29999,0,1,34.2411
1.0000e+03,29.5000,0,0,0,30000,0,0,33.8043
1.0000e+02,0.0000,120,156,31,29691,0,2,87.0802
1.0000e+02,1.0000,115,177,33,29675,0,0,95.3601
1.0000e+02,2.0000,89,148,25,29738,0,0,96.7675
1.0000e+02,3.0000,63,142,30,29765,0,0,100.1479
1.0000e+02,4.0000,73,151,24,29752,0,0,102.5640
1.0000e+02,5.0000,70,154,29,29747,0,0,101.8185
1.0000e+02,6.0000,55,136,30,29779,0,0,97.3877
1.0000e+02,7.0000,54,116,12,29817,0,1,98.6687
1.0000e+02,8.0000,42,112,13,29833,0,0,93.2891
1.0000e+02,9.0000,39,120,12,29829,0,0,93.7578
1.0000e+02,10.0000,29,121,8,29840,0,2,102.6320
1.0000e+02,11.0000,51,92,7,29850,0,0,102.2123
1.0000e+02,12.0000,43,108,10,29838,0,1,103.9515
1.0000e+02,13.0000,45,97,7,29850,0,1,101.1983
1.0000e+02,14.0000,67,86,17,29828,0,2,102.6023
1.0000e+02,15.0000,47,76,13,29864,0,0,99.4829
1.0000e+02,16.0000,48,68,10,29873,0,1,102.9839
1.0000e+02,17.0000,47,68,8,29877,0,0,107.9317
1.0000e+02,18.0000,42,58,9,29891,0,0,99.7152
1.0000e+02,19.0000,43,54,7,29896,0,0,93.4583
1.0000e+02,20.0000,40,51,8,29900,0,1,100.8325
1.0000e+02,21.0000,26,43,3,29927,0,1,89.1698
1.0000e+02,22.0000,25,37,12,29926,0,0,81.7073
1.0000e+02,23.0000,15,24,4,29957,0,0,78.4680
1.0000e+02,24.0000,12,22,3,29962,0,1,75.3182
1.0000e+02,25.0000,9,16,0,29973,0,2,77.0998
1.0000e+02,26.0000,6,10,1,29982,0,1,59.4415
1.0000e+02,27.0000,2,18,1,29979,0,0,67.2998
1.0000e+02,28.0000,4,6,0,29990,0,0,63.0012
1.0000e+02,29.0000,3,2,0,29995,0,0,51.3064
1.0000e+02,30.0000,1,7,0,29992,0,0,52.4820
1.0000e+02,31.0000,1,3,0,29995,0,1,51.9712
1.0000e+02,32.0000,1,3,0,29996,0,0,50.1988
1.0000e+02,33.0000,0,2,0,29998,0,0,45.5186
1.0000e+02,34.0000,0,3,1,29995,0,1,49.7089
1.0000e+02,35.0000,1,1,0,29998,0,0,51.3723
1.0000e+02,36.0000,0,0,0,30000,0,0,41.3467
1.0000e+02,37.0000,0,0,0,30000,0,0,52.1935
1.0000e+02,38.0000,0,0,0,30000,0,0,43.4882
1.0000e+02,39.0000,0,1,1,29998,0,0,52.0631
1.0000e+02,40.0000,1,0,0,29999,0,0,46.6544
1.0000e+02,41.0000,0,0,0,29999,0,1,41.6905
1.0000e+02,42.0000,0,0,0,30000,0,0,40.8075
1.0000e+02,43.0000,0,0,0,29998,0,2,38.1740
1.0000e+02,44.0000,0,0,0,29998,0,2,39.8647
1.0000e+02,45.0000,0,0,0,29999,0,1,40.2295
1.0000e+02,46.0000,0,0,0,29999,0,1,39.4028
1.0000e+02,47.0000,0,0,0,30000,0,0,39.4476
1.0000e+02,48.0000,0,0,0,30000,0,0,39.7467
1.0000e+02,49.0000,0,0,0,30000,0,0,39.0661
1.0000e+01,0.0000,180,302,20,29492,0,6,132.9116
1.0000e+01,2.0000,148,302,23,29516,0,11,127.2169
1.0000e+01,4.0000,101,317,24,29553,0,5,127.0361
1.0000e+01,6.0000,112,295,15,29578,0,0,129.6563
1.0000e+01,8.0000,104,261,28,29600,0,7,125.5385
1.0000e+01,10.0000,91,262,22,29624,0,1,137.3145
1.0000e+01,12.0000,86,260,15,29638,0,1,132.6979
1.0000e+01,14.0000,92,245,18,29643,0,2,142.6484
1.0000e+01,16.0000,87,212,13,29685,0,3,133.1756
1.0000e+01,18.0000,100,243,28,29627,0,2,159.1890
1.0000e+01,20.0000,89,236,19,29656,0,0,140.8394
1.0000e+01,22.0000,100,231,16,29650,0,3,162.8401
1.0000e+01,24.0000,102,195,20,29681,0,2,131.7121
1.0000e+01,26.0000,83,190,24,29700,0,3,125.3002
1.0000e+01,28.0000,92,162,13,29730,0,3,181.9124
1.0000e+01,30.0000,90,156,12,29740,0,2,130.1978
1.0000e+01,32.0000,84,171,10,29731,0,4,145.2884
1.0000e+01,34.0000,64,122,11,29802,0,1,120.9788
1.0000e+01,36.0000,62,100,9,29825,0,4,108.3320
1.0000e+01,38.0000,40,90,5,29863,0,2,107.8100
1.0000e+01,40.0000,33,58,7,29898,0,4,99.0415
1.0000e+01,42.0000,18,54,4,29922,0,2,100.9506
1.0000e+01,44.0000,17,37,0,29942,0,4,84.8352
1.0000e+01,46.0000,12,24,1,29958,0,5,79.0609
1.0000e+01,48.0000,4,16,0,29976,0,4,84.3800
1.0000e+01,50.0000,8,17,0,29973,0,2,75.3786
1.0000e+01,52.0000,4,10,1,29983,0,2,70.3532
1.0000e+01,54.0000,4,4,0,29992,0,0,66.9881
1.0000e+01,56.0000,2,7,0,29989,0,2,68.5137
1.0000e+01,58.0000,2,4,0,29990,0,4,59.5621
1.0000e+01,60.0000,2,2,0,29996,0,0,60.9889
1.0000e+01,62.0000,0,3,1,29991,0,5,54.3895
1.0000e+01,64.0000,1,0,0,29996,0,3,52.6303
1.0000e+01,66.0000,2,0,0,29995,0,3,53.5082
1.0000e+01,68.0000,0,0,0,29994,0,6,52.1191
1.0000e+01,70.0000,0,2,0,29993,0,5,55.3895
1.0000e+01,72.0000,0,1,0,29995,0,4,51.2373
1.0000e+01,74.0000,0,0,0,29999,0,1,51.2007
1.0000e+01,76.0000,0,0,0,29998,0,2,49.2051
1.0000e+01,78.0000,0,0,0,29997,0,3,46.7331
1.0000e+01,80.0000,0,0,0,29994,0,6,44.7489
1.0000e+01,82.0000,0,0,0,29996,0,4,46.2893
1.0000e+01,84.0000,0,0,0,29997,0,3,46.6996
1.0000e+01,86.0000,0,0,0,29995,0,5,46.0781
1.0000e+01,88.0000,0,0,0,29994,0,6,45.5904
1.0000e+01,90.0000,0,0,0,29999,0,1,44.7684
1.0000e+01,92.0000,0,0,0,29997,0,3,43.3955
1.0000e+01,94.0000,0,0,0,29994,0,6,42.5335
1.0000e+01,96.0000,0,0,0,29998,0,2,41.4570
1.0000e+01,98.0000,0,0,0,29999,0,1,42.6482
1.2500e+03,0.0000,72,78,2,29848,0,0,64.4871
1.2500e+03,0.5000,45,100,2,29853,0,0,59.7746
1.2500e+03,1.0000,61,69,5,29865,0,0,58.9532
1.2500e+03,1.5000,43,62,8,29887,0,0,61.9148
1.2500e+03,2.0000,32,59,1,29908,0,0,60.7551
1.2500e+03,2.5000,18,53,6,29923,0,0,60.7145
1.2500e+03,3.0000,8,69,6,29917,0,0,58.3572
1.2500e+03,3.5000,7,60,0,29931,0,2,62.6222
1.2500e+03,4.0000,6,46,4,29943,0,1,60.3857
1.2500e+03,4.5000,3,41,2,29954,0,0,58.8948
1.2500e+03,5.0000,8,37,3,29952,0,0,62.7132
1.2500e+03,5.5000,3,43,2,29952,0,0,65.2672
1.2500e+03,6.0000,1,29,1,29969,0,0,57.0791
1.2500e+03,6.5000,4,37,0,29959,0,0,61.9269
1.2500e+03,7.0000,11,31,2,29956,0,0,64.4785
1.2500e+03,7.5000,12,36,0,29952,0,0,73.2030
1.2500e+03,8.0000,16,24,2,29958,0,0,71.6128
1.2500e+03,8.5000,16,24,1,29959,0,0,83.5337
1.2500e+03,9.0000,16,20,0,29963,0,1,74.7847
1.2500e+03,9.5000,12,17,0,29971,0,0,79.2236
1.2500e+03,10.0000,6,16,0,29978,0,0,70.9807
1.2500e+03,10.5000,7,21,4,29968,0,0,74.9643
1.2500e+03,11.0000,12,9,1,29978,0,0,68.6427
1.2500e+03,11.5000,6,11,0,29983,0,0,64.2222
1.2500e+03,12.0000,5,10,0,29985,0,0,70.5943
1.2500e+03,12.5000,7,8,0,29985,0,0,59.3209
1.2500e+03,13.0000,7,9,0,29984,0,0,62.5164
1.2500e+03,13.5000,4,6,0,29990,0,0,59.8494
1.2500e+03,14.0000,2,3,0,29995,0,0,47.1574
1.2500e+03,14.5000,5,2,0,29993,0,0,48.9987
1.2500e+03,15.0000,2,1,0,29997,0,0,45.0401
1.2500e+03,15.5000,1,0,0,29999,0,0,46.8012
1.2500e+03,16.0000,1,0,0,29999,0,0,41.5012
1.2500e+03,16.5000,1,0,0,29999,0,0,41.1588
1.2500e+03,17.0000,0,0,0,30000,0,0,38.5570
1.2500e+03,17.5000,0,0,0,30000,0,0,38.1023
1.2500e+03,18.0000,0,0,0,30000,0,0,36.4600
1.2500e+03,18.5000,0,0,0,30000,0,0,36.3196
1.2500e+03,19.0000,0,1,0,29999,0,0,35.2218
1.2500e+03,19.5000,0,0,0,30000,0,0,34.8949
1.2500e+03,20.0000,0,0,0,30000,0,0,36.2343
1.2500e+03,20.5000,0,0,0,30000,0,0,33.8100
1.2500e+03,21.0000,0,0,0,30000,0,0,33.3207
1.2500e+03,21.5000,0,0,0,30000,0,0,33.1271
1.2500e+03,22.0000,0,0,0,30000,0,0,33.0542
1.2500e+03,22.5000,0,0,0,30000,0,0,32.1333
1.2500e+03,23.0000,0,0,0,30000,0,0,29.5601
1.2500e+03,23.5000,0,0,0,30000,0,0,32.0204
1.2500e+03,24.0000,0,0,0,30000,0,0,31.8514
1.2500e+03,24.5000,0,0,0,30000,0,0,31.1428
1.2500e+03,25.0000,0,0,0,30000,0,0,28.0890
1.2500e+03,25.5000,0,0,0,30000,0,0,30.5301
1.2500e+03,26.0000,0,0,0,30000,0,0,30.0374
1.2500e+03,26.5000,0,0,0,30000,0,0,28.1409
1.2500e+03,27.0000,0,0,0,30000,0,0,30.5445
1.2500e+03,27.5000,0,0,0,30000,0,0,30.4374
1.2500e+03,28.0000,0,0,0,30000,0,0,26.9910
1.2500e+03,28.5000,0,0,0,30000,0,0,27.3581
1.2500e+03,29.0000,0,0,0,30000,0,0,28.7965
1.2500e+03,29.5000,0,0,0,30000,0,0,29.6413
1.5000e+03,0.0000,55,98,1,29846,0,0,57.6752
1.5000e+03,0.5000,71,95,1,29833,0,0,58.5294
1.5000e+03,1.0000,49,83,6,29862,0,0,60.6232
1.5000e+03,1.5000,38,63,2,29897,0,0,57.7652
1.5000e+03,2.0000,16,55,1,29928,0,0,59.8506
1.5000e+03,2.5000,10,63,1,29926,0,0,58.8162
1.5000e+03,3.0000,10,49,2,29938,0,1,57.7229
1.5000e+03,3.5000,3,40,0,29957,0,0,61.2346
1.5000e+03,4.0000,6,41,3,29950,0,0,59.2018
1.5000e+03,4.5000,4,42,3,29951,0,0,58.5021
1.5000e+03,5.0000,3,33,0,29963,0,1,60.8014
1.5000e+03,5.5000,4,42,1,29953,0,0,58.9094
1.5000e+03,6.0000,2,37,0,29960,0,1,56.0284
1.5000e+03,6.5000,4,32,0,29964,0,0,62.8264
1.5000e+03,7.0000,3,29,0,29968,0,0,58.6414
1.5000e+03,7.5000,13,22,1,29964,0,0,72.0573
1.5000e+03,8.0000,7,17,1,29975,0,0,72.1511
1.5000e+03,8.5000,14,11,2,29973,0,0,74.4245
1.5000e+03,9.0000,10,18,0,29972,0,0,70.9420
1.5000e+03,9.5000,7,18,3,29972,0,0,66.6459
1.5000e+03,10.0000,4,12,4,29980,0,0,66.3742
1.5000e+03,10.5000,4,9,1,29986,0,0,65.8868
1.5000e+03,11.0000,4,14,0,29982,0,0,61.3604
1.5000e+03,11.5000,5,6,0,29989,0,0,69.0365
1.5000e+03,12.0000,4,6,0,29990,0,0,65.8806
1.5000e+03,12.5000,5,6,1,29987,0,1,60.5212
1.5000e+03,13.0000,2,9,0,29989,0,0,59.4283
1.5000e+03,13.5000,0,4,0,29996,0,0,45.7419
1.5000e+03,14.0000,1,2,0,29997,0,0,55.3494
1.5000e+03,14.5000,0,3,0,29997,0,0,41.7873
1.5000e+03,15.0000,2,0,0,29998,0,0,46.9725
1.5000e+03,15.5000,0,1,0,29999,0,0,40.2907
1.5000e+03,16.0000,1,2,0,29996,0,1,41.0294
1.5000e+03,16.5000,0,0,0,30000,0,0,37.8888
1.5000e+03,17.0000,0,0,0,30000,0,0,37.3604
1.5000e+03,17.5000,0,1,0,29999,0,0,36.3176
1.5000e+03,18.0000,0,0,0,30000,0,0,33.2990
1.5000e+03,18.5000,0,0,0,30000,0,0,35.1144
1.5000e+03,19.0000,0,0,0,30000,0,0,35.0039
1.5000e+03,19.5000,0,0,0,30000,0,0,34.7450
1.5000e+03,20.0000,0,0,0,30000,0,0,30.8644
1.5000e+03,20.5000,0,0,0,30000,0,0,32.3763
1.5000e+03,21.0000,0,0,0,30000,0,0,32.2316
1.5000e+03,21.5000,0,0,0,29999,0,1,32.8111
1.5000e+03,22.0000,0,0,0,30000,0,0,31.7794
1.5000e+03,22.5000,0,1,0,29999,0,0,31.8054
1.5000e+03,23.0000,0,0,0,30000,0,0,30.7739
1.5000e+03,23.5000,0,0,0,30000,0,0,28.7009
1.5000e+03,24.0000,0,0,0,30000,0,0,30.1359
1.5000e+03,24.5000,0,0,0,30000,0,0,29.8276
1.5000e+03,25.0000,0,0,0,30000,0,0,30.1001
1.5000e+03,25.5000,0,0,0,30000,0,0,29.5503
1.5000e+03,26.0000,0,0,0,30000,0,0,30.0424
1.5000e+03,26.5000,0,0,0,30000,0,0,28.8363
1.5000e+03,27.0000,0,0,0,30000,0,0,28.8545
1.5000e+03,27.5000,0,0,0,30000,0,0,28.4958
1.5000e+03,28.0000,0,0,0,30000,0,0,28.7851
1.5000e+03,28.5000,0,0,0,30000,0,0,24.9499
1.5000e+03,29.0000,0,0,0,30000,0,0,27.6926
1.5000e+03,29.5000,0,0,0,30000,0,0,27.6419
1.7500e+03,0.0000,66,76,1,29857,0,0,56.4213
1.7500e+03,0.5000,63,73,0,29864,0,0,62.1661
1.7500e+03,1.0000,51,78,7,29864,0,0,55.9300
1.7500e+03,1.5000,33,72,6,29889,0,0,62.0163
1.7500e+03,2.0000,21,54,4,29921,0,0,59.7183
1.7500e+03,2.5000,14,56,0,29930,0,0,58.4467
1.7500e+03,3.0000,5,43,1,29951,0,0,58.4280
1.7500e+03,3.5000,1,35,0,29964,0,0,55.8242
1.7500e+03,4.0000,3,30,0,29967,0,0,57.6265
1.7500e+03,4.5000,0,30,0,29970,0,0,56.9544
1.7500e+03,5.0000,2,18,0,29980,0,0,56.9879
1.7500e+03,5.5000,1,23,1,29975,0,0,59.0642
1.7500e+03,6.0000,2,33,2,29963,0,0,56.0174
1.7500e+03,6.5000,1,20,1,29978,0,0,59.4142
1.7500e+03,7.0000,2,12,2,29984,0,0,65.0605
1.7500e+03,7.5000,10,14,1,29975,0,0,79.7754
1.7500e+03,8.0000,8,9,0,29982,0,1,71.7807
1.7500e+03,8.5000,13,15,1,29971,0,0,71.4780
1.7500e+03,9.0000,5,13,1,29981,0,0,66.5565
1.7500e+03,9.5000,6,15,0,29979,0,0,66.1878
1.7500e+03,10.0000,2,10,0,29988,0,0,67.3551
1.7500e+03,10.5000,2,4,0,29994,0,0,64.9175
1.7500e+03,11.0000,5,5,0,29990,0,0,63.5248
1.7500e+03,11.5000,8,9,0,29983,0,0,65.5567
1.7500e+03,12.0000,7,5,0,29988,0,0,62.2242
1.7500e+03,12.5000,3,1,1,29995,0,0,64.2622
1.7500e+03,13.0000,3,3,0,29994,0,0,53.3052
1.7500e+03,13.5000,2,1,0,29997,0,0,52.0160
1.7500e+03,14.0000,1,1,0,29998,0,0,50.4396
1.7500e+03,14.5000,0,1,0,29999,0,0,47.5673
1.7500e+03,15.0000,0,0,0,30000,0,0,37.8590
1.7500e+03,15.5000,1,0,0,29999,0,0,39.9820
1.7500e+03,16.0000,0,0,0,30000,0,0,37.4117
1.7500e+03,16.5000,0,0,0,30000,0,0,36.0394
1.7500e+03,17.0000,0,0,0,30000,0,0,35.8767
1.7500e+03,17.5000,0,0,0,30000,0,0,36.0177
1.7500e+03,18.0000,0,0,0,30000,0,0,32.6210
1.7500e+03,18.5000,0,0,0,29999,0,1,33.8012
1.7500e+03,19.0000,0,0,0,30000,0,0,34.1945
1.7500e+03,19.5000,0,0,0,30000,0,0,33.0528
1.7500e+03,20.0000,0,0,0,30000,0,0,32.8022
1.7500e+03,20.5000,0,0,0,30000,0,0,31.5672
1.7500e+03,21.0000,0,0,0,30000,0,0,32.0671
1.7500e+03,21.5000,0,0,0,30000,0,0,29.8109
1.7500e+03,22.0000,0,0,0,30000,0,0,32.1549
1.7500e+03,22.5000,0,0,0,30000,0,0,29.8493
1.7500e+03,23.0000,0,0,0,30000,0,0,29.5410
1.7500e+03,23.5000,0,0,0,30000,0,0,29.5232
1.7500e+03,24.0000,0,0,0,30000,0,0,30.0401
1.7500e+03,24.5000,0,0,0,30000,0,0,29.6626
1.7500e+03,25.0000,0,0,0,29999,0,1,28.7301
1.7500e+03,25.5000,0,0,0,30000,0,0,29.0223
1.7500e+03,26.0000,0,0,0,30000,0,0,28.7528
1.7500e+03,26.5000,0,0,0,30000,0,0,28.1660
1.7500e+03,27.0000,0,0,0,30000,0,0,28.2042
1.7500e+03,27.5000,0,0,0,30000,0,0,28.6646
1.7500e+03,28.0000,0,0,0,30000,0,0,28.0984
1.7500e+03,28.5000,0,0,0,30000,0,0,26.9780
1.7500e+03,29.0000,0,0,0,29999,0,1,25.7742
1.7500e+03,29.5000,0,0,0,30000,0,0,27.1562
1.0000e+00,0.0000,252,634,22,29069,0,23,182.6119
1.0000e+00,5.0000,174,607,20,29181,0,18,170.3659
1.0000e+00,10.0000,169,527,21,29265,0,18,159.3380
1.0000e+00,15.0000,164,553,19,29250,0,14,159.9830
1.0000e+00,20.0000,156,475,15,29332,0,22,153.7748
1.0000e+00,25.0000,155,516,14,29297,0,18,176.5130
1.0000e+00,30.0000,137,476,14,29350,0,23,183.7801
1.0000e+00,35.0000,135,529,20,29292,0,24,176.3616
1.0000e+00,40.0000,152,491,21,29310,0,26,165.7159
1.0000e+00,45.0000,142,368,14,29463,0,13,180.7017
1.0000e+00,50.0000,146,349,10,29484,0,11,190.9793
1.0000e+00,55.0000,150,322,5,29502,0,21,165.3971
1.0000e+00,60.0000,103,255,10,29619,0,13,154.0179
1.0000e+00,65.0000,88,215,4,29674,0,19,138.4904
1.0000e+00,70.0000,67,113,6,29802,0,12,113.1194
1.0000e+00,75.0000,24,85,1,29876,0,14,120.4515
1.0000e+00,80.0000,20,51,1,29907,0,21,103.9269
1.0000e+00,85.0000,10,42,0,29924,0,24,81.5520
1.0000e+00,90.0000,7,28,0,29953,0,12,74.0477
1.0000e+00,95.0000,2,14,0,29967,0,17,63.6336
1.0000e+00,100.0000,2,6,0,29973,0,19,63.4300
1.0000e+00,105.0000,2,13,0,29971,0,14,60.3255
1.0000e+00,110.0000,1,5,0,29969,0,25,60.9646
1.0000e+00,115.0000,0,3,0,29985,0,12,52.0676
1.0000e+00,120.0000,1,3,0,29973,0,23,52.1163
1.0000e+00,125.0000,1,2,0,29976,0,21,52.9455
1.0000e+00,130.0000,0,3,0,29980,0,17,48.4793
1.0000e+00,135.0000,0,1,0,29978,0,21,48.0697
1.0000e+00,140.0000,0,1,0,29984,0,15,46.2089
1.0000e+00,145.0000,0,0,0,29983,0,17,43.2817
1.0000e+00,150.0000,0,0,0,29982,0,18,42.1935
1.0000e+00,155.0000,0,0,0,29974,0,26,42.1724
1.0000e+00,160.0000,1,0,0,29981,0,18,41.3867
1.0000e+00,165.0000,0,0,0,29985,0,15,40.1485
1.0000e+00,170.0000,0,0,0,29978,0,22,41.6058
1.0000e+00,175.0000,0,1,0,29976,0,23,40.6210
1.0000e+00,180.0000,0,0,0,29984,0,16,39.6807
1.0000e+00,185.0000,0,1,0,29987,0,12,39.6781
1.0000e+00,190.0000,0,0,0,29981,0,19,39.8189
1.0000e+00,195.0000,0,0,0,29984,0,16,39.5150
1.0000e+00,200.0000,0,0,0,29981,0,19,35.7916
1.0000e+00,205.0000,0,0,0,29984,0,16,36.2792
1.0000e+00,210.0000,0,0,0,29980,0,20,36.5969
1.0000e+00,215.0000,0,1,0,29989,0,10,36.0451
1.0000e+00,220.0000,0,0,0,29976,0,24,36.5842
1.0000e+00,225.0000,0,0,0,29980,0,20,35.9365
1.0000e+00,230.0000,0,0,0,29975,0,25,32.6200
1.0000e+00,235.0000,0,1,0,29972,0,27,34.5581
1.0000e+00,240.0000,0,0,0,29970,0,30,34.2681
1.0000e+00,245.0000,0,0,0,29981,0,19,34.2099
1.0000e+00,250.0000,1,0,0,29978,0,21,31.0259
1.0000e+00,255.0000,0,0,0,29983,0,17,33.0550
1.0000e+00,260.0000,0,0,0,29977,0,23,33.5320
1.0000e+00,265.0000,1,1,0,29978,0,20,33.0319
1.0000e+00,270.0000,0,0,0,29979,0,21,32.8960
1.0000e+00,275.0000,0,0,0,29976,0,24,32.5696
1.0000e+00,280.0000,0,0,0,29982,0,18,32.5644
1.0000e+00,285.0000,0,1,0,29982,0,17,35.2625
1.0000e+00,290.0000,0,0,0,29988,0,12,31.6150
1.0000e+00,295.0000,0,1,0,29981,0,18,32.0882
1.0000e+00,300.0000,1,0,0,29970,0,29,28.7470
1.0000e+00,305.0000,0,0,0,29976,0,24,31.5531
1.0000e+00,310.0000,0,0,0,29979,0,21,30.8621
1.0000e+00,315.0000,0,0,0,29973,0,27,27.8285
1.0000e+00,320.0000,0,0,0,29973,0,27,30.5295
1.0000e+00,325.0000,0,0,0,29965,0,35,30.0922
1.0000e+00,330.0000,0,0,0,29972,0,28,30.2534
1.0000e+00,335.0000,0,0,0,29968,0,32,29.5414
1.0000e+00,340.0000,0,0,0,29979,0,21,29.1528
1.0000e+00,345.0000,1,0,0,29973,0,26,29.8499
1.0000e+00,350.0000,0,0,0,29969,0,31,28.9753
1.0000e+00,355.0000,0,0,0,29978,0,22,29.0313
1.0000e+00,360.0000,0,0,0,29981,0,19,29.5853
1.0000e+00,365.0000,0,0,0,29982,0,18,29.5053
1.0000e+00,370.0000,0,1,0,29966,0,33,28.9572
1.0000e+00,375.0000,0,1,0,29968,0,31,29.3030
1.0000e+00,380.0000,0,0,0,29968,0,32,28.9645
1.0000e+00,385.0000,0,0,0,29980,0,20,28.3840
1.0000e+00,390.0000,0,0,0,29969,0,31,28.2978
1.0000e+00,395.0000,0,1,0,29971,0,28,27.9068
2.0000e+03,0.0000,55,86,0,29859,0,0,55.6597
2.0000e+03,0.5000,73,83,1,29843,0,0,57.7374
2.0000e+03,1.0000,54,60,2,29884,0,0,54.1855
2.0000e+03,1.5000,24,50,0,29926,0,0,56.2716
2.0000e+03,2.0000,18,43,2,29937,0,0,58.5927
2.0000e+03,2.5000,17,41,1,29941,0,0,57.6661
2.0000e+03,3.0000,5,42,1,29951,0,1,55.7860
2.0000e+03,3.5000,1,27,0,29972,0,0,54.8738
2.0000e+03,4.0000,1,31,1,29967,0,0,55.5345
2.0000e+03,4.5000,0,41,0,29959,0,0,54.6424
2.0000e+03,5.0000,0,30,1,29969,0,0,55.1779
2.0000e+03,5.5000,1,22,0,29977,0,0,57.8752
2.0000e+03,6.0000,2,20,1,29977,0,0,56.2406
2.0000e+03,6.5000,2,22,0,29976,0,0,71.8341
2.0000e+03,7.0000,4,18,3,29975,0,0,67.5153
2.0000e+03,7.5000,5,17,0,29978,0,0,63.9982
2.0000e+03,8.0000,5,12,0,29983,0,0,60.2816
2.0000e+03,8.5000,4,9,0,29987,0,0,70.0129
2.0000e+03,9.0000,8,6,1,29985,0,0,66.9424
2.0000e+03,9.5000,5,10,5,29980,0,0,64.3943
2.0000e+03,10.0000,6,5,2,29987,0,0,66.2913
2.0000e+03,10.5000,4,3,0,29993,0,0,65.0534
2.0000e+03,11.0000,3,3,0,29994,0,0,60.6855
2.0000e+03,11.5000,5,6,0,29989,0,0,56.2458
2.0000e+03,12.0000,5,5,0,29990,0,0,56.4471
2.0000e+03,12.5000,3,1,0,29996,0,0,55.8812
2.0000e+03,13.0000,2,0,1,29997,0,0,46.4717
2.0000e+03,13.5000,0,1,0,29999,0,0,46.0023
2.0000e+03,14.0000,0,1,0,29999,0,0,38.9203
2.0000e+03,14.5000,0,1,0,29999,0,0,37.2787
2.0000e+03,15.0000,0,1,0,29999,0,0,33.8508
2.0000e+03,15.5000,0,0,0,29999,0,1,34.9556
2.0000e+03,16.0000,0,0,0,30000,0,0,34.9925
2.0000e+03,16.5000,0,1,0,29999,0,0,31.5393
2.0000e+03,17.0000,0,0,0,30000,0,0,34.0399
2.0000e+03,17.5000,0,0,0,30000,0,0,33.3572
2.0000e+03,18.0000,0,0,0,30000,0,0,29.9639
2.0000e+03,18.5000,0,0,0,30000,0,0,32.1597
2.0000e+03,19.0000,0,0,0,30000,0,0,31.9962
2.0000e+03,19.5000,0,0,0,30000,0,0,31.4692
2.0000e+03,20.0000,0,0,0,30000,0,0,28.0544
2.0000e+03,20.5000,0,0,0,30000,0,0,30.3119
2.0000e+03,21.0000,0,0,0,30000,0,0,29.9904
2.0000e+03,21.5000,0,0,0,30000,0,0,29.5094
2.0000e+03,22.0000,0,0,0,29999,0,1,29.5271
2.0000e+03,22.5000,0,0,0,30000,0,0,29.2044
2.0000e+03,23.0000,0,0,0,30000,0,0,26.4308
2.0000e+03,23.5000,0,0,0,30000,0,0,25.4257
2.0000e+03,24.0000,0,0,0,30000,0,0,26.3066
2.0000e+03,24.5000,0,0,0,30000,0,0,27.3921
2.0000e+03,25.0000,0,0,0,30000,0,0,26.2200
2.0000e+03,25.5000,0,0,0,30000,0,0,26.5474
2.0000e+03,26.0000,0,0,0,30000,0,0,26.9355
2.0000e+03,26.5000,0,0,0,30000,0,0,24.2227
2.0000e+03,27.0000,0,0,0,30000,0,0,26.6097
2.0000e+03,27.5000,0,0,0,30000,0,0,26.0655
2.0000e+03,28.0000,0,0,0,30000,0,0,25.5089
2.0000e+03,28.5000,0,0,0,30000,0,0,22.9590
2.0000e+03,29.0000,0,0,0,30000,0,0,25.8559
2.0000e+03,29.5000,0,0,0,30000,0,0,25.6438
2.5000e+03,0.0000,58,51,0,29891,0,0,54.8567
2.5000e+03,0.5000,38,63,1,29898,0,0,53.6255
2.5000e+03,1.0000,47,61,1,29891,0,0,51.4728
2.5000e+03,1.5000,26,46,2,29926,0,0,52.3292
2.5000e+03,2.0000,13,32,1,29954,0,0,56.3281
2.5000e+03,2.5000,5,42,0,29953,0,0,53.8962
2.5000e+03,3.0000,0,33,0,29966,0,1,52.3062
2.5000e+03,3.5000,1,29,1,29969,0,0,53.5655
2.5000e+03,4.0000,0,18,0,29982,0,0,53.0942
2.5000e+03,4.5000,0,25,0,29975,0,0,50.9380
2.5000e+03,5.0000,0,26,0,29974,0,0,55.0180
2.5000e+03,5.5000,1,19,1,29979,0,0,55.3146
2.5000e+03,6.0000,1,10,1,29988,0,0,59.5254
2.5000e+03,6.5000,2,19,1,29978,0,0,61.1802
2.5000e+03,7.0000,3,11,0,29986,0,0,62.6029
2.5000e+03,7.5000,5,10,2,29983,0,0,72.9486
2.5000e+03,8.0000,3,13,0,29984,0,0,58.1172
2.5000e+03,8.5000,4,6,0,29990,0,0,62.0571
2.5000e+03,9.0000,2,5,0,29993,0,0,66.1259
2.5000e+03,9.5000,0,5,0,29995,0,0,51.1644
2.5000e+03,10.0000,2,3,0,29995,0,0,74.7106
2.5000e+03,10.5000,1,3,0,29996,0,0,48.0259
2.5000e+03,11.0000,0,5,0,29995,0,0,52.3970
2.5000e+03,11.5000,1,1,0,29998,0,0,45.8419
2.5000e+03,12.0000,0,0,0,30000,0,0,46.7357
2.5000e+03,12.5000,0,1,0,29999,0,0,40.0887
2.5000e+03,13.0000,0,1,1,29998,0,0,39.5958
2.5000e+03,13.5000,0,1,0,29999,0,0,39.0903
2.5000e+03,14.0000,0,0,0,30000,0,0,38.4321
2.5000e+03,14.5000,0,1,0,29999,0,0,37.2459
2.5000e+03,15.0000,0,0,0,30000,0,0,35.6471
2.5000e+03,15.5000,0,0,0,30000,0,0,33.3732
2.5000e+03,16.0000,0,0,0,30000,0,0,34.5876
2.5000e+03,16.5000,0,0,0,30000,0,0,31.6746
2.5000e+03,17.0000,0,0,0,30000,0,0,33.9120
2.5000e+03,17.5000,0,0,0,30000,0,0,33.6984
2.5000e+03,18.0000,0,0,0,30000,0,0,30.0035
2.5000e+03,18.5000,0,0,0,30000,0,0,32.7192
2.5000e+03,19.0000,0,0,0,30000,0,0,31.9853
2.5000e+03,19.5000,0,0,0,30000,0,0,28.9166
2.5000e+03,20.0000,0,0,0,30000,0,0,28.3168
2.5000e+03,20.5000,0,0,0,30000,0,0,30.5716
2.5000e+03,21.0000,0,0,0,30000,0,0,31.1511
2.5000e+03,21.5000,0,0,0,30000,0,0,27.6097
2.5000e+03,22.0000,0,0,0,30000,0,0,29.6884
2.5000e+03,22.5000,0,0,0,30000,0,0,29.9075
2.5000e+03,23.0000,0,0,0,30000,0,0,26.9082
2.5000e+03,23.5000,0,0,0,30000,0,0,28.7133
2.5000e+03,24.0000,0,0,0,30000,0,0,29.7513
2.5000e+03,24.5000,0,0,0,30000,0,0,29.3747
2.5000e+03,25.0000,0,0,0,30000,0,0,25.6884
2.5000e+03,25.5000,0,0,0,30000,0,0,27.8125
2.5000e+03,26.0000,0,0,0,30000,0,0,27.8709
2.5000e+03,26.5000,0,0,0,30000,0,0,27.3581
2.5000e+03,27.0000,0,0,0,30000,0,0,27.5067
2.5000e+03,27.5000,0,0,0,30000,0,0,27.2709
2.5000e+03,28.0000,0,0,0,29999,0,1,26.9426
2.5000e+03,28.5000,0,0,0,30000,0,0,23.5899
2.5000e+03,29.0000,0,0,0,30000,0,0,27.3593
2.5000e+03,29.5000,0,0,0,30000,0,0,26.7682
2.5000e+02,0.0000,118,138,24,29719,0,1,82.2472
2.5000e+02,1.0000,79,131,19,29771,0,0,87.0502
2.5000e+02,2.0000,65,107,20,29808,0,0,79.9638
2.5000e+02,3.0000,54,118,22,29806,0,0,85.2461
2.5000e+02,4.0000,41,103,27,29828,0,1,84.7301
2.5000e+02,5.0000,35,92,13,29860,0,0,86.2115
2.5000e+02,6.0000,27,104,6,29861,0,2,83.5645
2.5000e+02,7.0000,29,87,8,29875,0,1,81.8902
2.5000e+02,8.0000,30,88,2,29880,0,0,80.9953
2.5000e+02,9.0000,35,83,4,29878,0,0,83.1621
2.5000e+02,10.0000,31,67,5,29897,0,0,86.3255
2.5000e+02,11.0000,16,58,9,29916,0,1,85.7120
2.5000e+02,12.0000,42,53,11,29894,0,0,92.0447
2.5000e+02,13.0000,26,49,8,29916,0,1,89.7369
2.5000e+02,14.0000,29,47,8,29916,0,0,89.8649
2.5000e+02,15.0000,24,43,4,29929,0,0,86.1740
2.5000e+02,16.0000,27,41,1,29931,0,0,81.9719
2.5000e+02,17.0000,19,27,3,29950,0,1,78.7159
2.5000e+02,18.0000,20,19,3,29958,0,0,79.1025
2.5000e+02,19.0000,12,14,2,29971,0,1,79.3752
2.5000e+02,20.0000,7,14,3,29975,0,1,65.2677
2.5000e+02,21.0000,3,8,1,29988,0,0,58.2992
2.5000e+02,22.0000,2,4,0,29994,0,0,53.5015
2.5000e+02,23.0000,1,5,1,29993,0,0,49.9432
2.5000e+02,24.0000,1,2,0,29997,0,0,47.0586
2.5000e+02,25.0000,1,2,0,29997,0,0,48.0053
2.5000e+02,26.0000,1,3,1,29995,0,0,48.1350
2.5000e+02,27.0000,0,1,0,29998,0,1,43.5751
2.5000e+02,28.0000,0,0,0,29999,0,1,41.5778
2.5000e+02,29.0000,0,0,0,30000,0,0,39.1529
2.5000e+02,30.0000,0,0,0,30000,0,0,37.1444
2.5000e+02,31.0000,0,0,0,30000,0,0,37.0877
2.5000e+02,32.0000,0,1,0,29998,0,1,37.0749
2.5000e+02,33.0000,0,0,0,30000,0,0,34.2426
2.5000e+02,34.0000,0,0,0,29999,0,1,35.9883
2.5000e+02,35.0000,0,0,0,29999,0,1,35.5900
2.5000e+02,36.0000,0,0,0,30000,0,0,32.6407
2.5000e+02,37.0000,0,0,0,29999,0,1,34.3840
2.5000e+02,38.0000,0,0,0,30000,0,0,34.0455
2.5000e+02,39.0000,0,0,0,30000,0,0,33.8113
2.5000e+02,40.0000,0,0,0,30000,0,0,30.6249
2.5000e+02,41.0000,0,0,0,30000,0,0,33.7079
2.5000e+02,42.0000,0,0,0,30000,0,0,33.3502
2.5000e+02,43.0000,0,0,0,30000,0,0,35.2126
2.5000e+02,44.0000,0,0,0,29998,0,2,32.4512
2.5000e+02,45.0000,0,0,0,29998,0,2,31.8604
2.5000e+02,46.0000,0,0,0,30000,0,0,28.3843
2.5000e+02,47.0000,0,0,0,30000,0,0,30.6503
2.5000e+02,48.0000,0,0,0,30000,0,0,30.3688
2.5000e+02,49.0000,0,0,0,30000,0,0,30.8965
2.5000e+00,0.0000,243,492,17,29240,0,8,150.6102
2.5000e+00,5.0000,151,442,25,29378,0,4,161.7997
2.5000e+00,10.0000,121,428,27,29414,0,10,144.3359
2.5000e+00,15.0000,123,380,22,29465,0,10,163.5024
2.5000e+00,20.0000,132,339,14,29508,0,7,170.8191
2.5000e+00,25.0000,128,387,21,29455,0,9,168.8729
2.5000e+00,30.0000,143,353,18,29479,0,7,163.9526
2.5000e+00,35.0000,110,300,16,29570,0,4,147.1860
2.5000e+00,40.0000,113,250,18,29611,0,8,166.4636
2.5000e+00,45.0000,101,221,11,29655,0,12,139.5802
2.5000e+00,50.0000,72,145,13,29760,0,10,128.3904
2.5000e+00,55.0000,55,96,8,29836,0,5,124.2059
2.5000e+00,60.0000,31,77,4,29882,0,6,108.0204
2.5000e+00,65.0000,18,33,2,29938,0,9,86.4290
2.5000e+00,70.0000,7,12,2,29971,0,8,70.6883
2.5000e+00,75.0000,3,18,0,29970,0,9,83.6600
2.5000e+00,80.0000,1,8,0,29988,0,3,70.4637
2.5000e+00,85.0000,0,6,0,29988,0,6,70.3204
2.5000e+00,90.0000,1,0,0,29986,0,13,55.3058
2.5000e+00,95.0000,2,0,0,29989,0,9,65.5559
2.5000e+00,100.0000,1,1,0,29988,0,10,51.1626
2.5000e+00,105.0000,0,1,0,29987,0,12,50.3536
2.5000e+00,110.0000,0,0,0,29996,0,4,47.5137
2.5000e+00,115.0000,0,0,0,29990,0,10,46.8667
2.5000e+00,120.0000,0,1,0,29986,0,13,46.2811
2.5000e+00,125.0000,0,0,0,29989,0,11,44.3338
2.5000e+00,130.0000,0,1,0,29991,0,8,40.2439
2.5000e+00,135.0000,0,0,0,29987,0,13,40.9415
2.5000e+00,140.0000,0,0,0,29992,0,8,40.6932
2.5000e+00,145.0000,1,0,0,29994,0,5,37.1968
2.5000e+00,150.0000,0,0,0,29989,0,11,36.6820
2.5000e+00,155.0000,0,0,0,29994,0,6,40.0931
2.5000e+00,160.0000,0,0,0,29993,0,7,40.4145
2.5000e+00,165.0000,0,0,0,29995,0,5,37.0007
2.5000e+00,170.0000,0,0,0,29993,0,7,39.3997
2.5000e+00,175.0000,0,0,0,29985,0,15,37.3457
2.5000e+00,180.0000,0,0,0,29994,0,6,37.2037
2.5000e+00,185.0000,0,0,0,29992,0,8,35.9439
2.5000e+00,190.0000,0,0,0,29996,0,4,35.4872
2.5000e+00,195.0000,0,0,0,29993,0,7,37.5533
2.5000e+00,200.0000,0,0,0,29989,0,11,36.0268
2.5000e+00,205.0000,0,0,0,29990,0,10,36.6205
2.5000e+00,210.0000,0,0,0,29987,0,13,35.4983
2.5000e+00,215.0000,0,0,0,29990,0,10,34.5019
2.5000e+00,220.0000,0,0,0,29990,0,10,35.2752
2.5000e+00,225.0000,0,0,0,29992,0,8,35.4536
2.5000e+00,230.0000,0,0,0,29986,0,14,33.7907
2.5000e+00,235.0000,0,0,0,29987,0,13,34.5165
2.5000e+00,240.0000,0,0,0,29987,0,13,34.4717
2.5000e+00,245.0000,0,0,0,29990,0,10,32.0108
2.5000e+00,250.0000,0,0,0,29991,0,9,31.1211
2.5000e+00,255.0000,0,0,0,29988,0,12,32.8706
2.5000e+00,260.0000,0,0,0,29983,0,17,31.8933
2.5000e+00,265.0000,0,0,0,29987,0,13,29.0869
2.5000e+00,270.0000,0,0,0,29992,0,8,31.8387
2.5000e+00,275.0000,0,1,0,29987,0,12,31.5262
2.5000e+00,280.0000,0,0,0,29990,0,10,30.1320
2.5000e+00,285.0000,0,0,0,29993,0,7,31.2626
2.5000e+00,290.0000,0,0,0,29996,0,4,31.2865
2.5000e+00,295.0000,0,0,0,29987,0,13,28.2241
2.5000e+00,300.0000,0,1,0,29989,0,10,31.6899
2.5000e+00,305.0000,0,1,0,29991,0,8,31.9835
2.5000e+00,310.0000,0,0,0,29980,0,20,31.4992
2.5000e+00,315.0000,0,2,0,29983,0,15,31.4378
2.5000e+00,320.0000,0,0,0,29991,0,9,31.0325
2.5000e+00,325.0000,0,0,0,29986,0,14,31.1036
2.5000e+00,330.0000,0,1,0,29979,0,20,30.0950
2.5000e+00,335.0000,0,0,0,29987,0,13,30.4306
2.5000e+00,340.0000,0,0,0,29991,0,9,31.3610
2.5000e+00,345.0000,0,1,0,29985,0,14,30.6816
2.5000e+00,350.0000,0,0,0,29978,0,22,30.5348
2.5000e+00,355.0000,0,0,0,29989,0,11,29.9363
2.5000e+00,360.0000,0,0,0,29989,0,11,28.8466
2.5000e+00,365.0000,0,0,0,29995,0,5,30.3349
2.5000e+00,370.0000,0,0,0,29985,0,15,30.0580
2.5000e+00,375.0000,0,0,0,29977,0,23,29.9832
2.5000e+00,380.0000,0,0,0,29983,0,17,27.4688
2.5000e+00,385.0000,0,1,0,29988,0,11,29.4917
2.5000e+00,390.0000,0,0,0,29985,0,15,29.7580
2.5000e+00,395.0000,0,0,0,29992,0,8,26.7567
2.5000e+01,0.0000,171,280,24,29522,0,3,125.7978
2.5000e+01,2.0000,106,230,23,29640,0,1,114.1111
2.5000e+01,4.0000,105,233,17,29642,0,3,131.3802
2.5000e+01,6.0000,85,194,19,29699,0,3,122.8913
2.5000e+01,8.0000,78,187,29,29702,0,4,129.8187
2.5000e+01,10.0000,73,180,20,29726,0,1,120.7060
2.5000e+01,12.0000,72,171,14,29740,0,3,118.6613
2.5000e+01,14.0000,73,195,7,29723,0,2,123.9066
2.5000e+01,16.0000,69,184,24,29721,0,2,120.7189
2.5000e+01,18.0000,71,189,21,29718,0,1,124.0819
2.5000e+01,20.0000,70,138,20,29771,0,1,115.5279
2.5000e+01,22.0000,62,107,13,29817,0,1,127.0155
2.5000e+01,24.0000,85,116,10,29788,0,1,119.1705
2.5000e+01,26.0000,56,84,13,29846,0,1,119.0579
2.5000e+01,28.0000,43,71,8,29877,0,1,119.7494
2.5000e+01,30.0000,39,67,4,29890,0,0,98.4989
2.5000e+01,32.0000,19,43,8,29928,0,2,80.2083
2.5000e+01,34.0000,14,23,3,29960,0,0,79.3653
2.5000e+01,36.0000,11,25,0,29963,0,1,69.1788
2.5000e+01,38.0000,3,27,0,29969,0,1,65.6816
2.5000e+01,40.0000,0,12,1,29984,0,3,61.7296
2.5000e+01,42.0000,1,10,0,29987,0,2,59.8121
2.5000e+01,44.0000,0,4,0,29996,0,0,52.1288
2.5000e+01,46.0000,0,4,0,29994,0,2,51.9098
2.5000e+01,48.0000,0,2,0,29998,0,0,47.2689
2.5000e+01,50.0000,0,1,1,29998,0,0,46.4452
2.5000e+01,52.0000,0,0,0,29999,0,1,41.8053
2.5000e+01,54.0000,0,1,0,29999,0,0,56.5727
2.5000e+01,56.0000,0,0,0,29998,0,2,42.5202
2.5000e+01,58.0000,0,0,0,29999,0,1,38.9619
2.5000e+01,60.0000,0,0,0,29997,0,3,41.5229
2.5000e+01,62.0000,0,0,0,29999,0,1,40.5156
2.5000e+01,64.0000,0,0,0,29998,0,2,38.9319
2.5000e+01,66.0000,0,0,0,29998,0,2,35.8884
2.5000e+01,68.0000,0,0,0,29994,0,6,38.3941
2.5000e+01,70.0000,0,0,0,29998,0,2,38.0652
2.5000e+01,72.0000,0,0,1,29998,0,1,36.5767
2.5000e+01,74.0000,0,0,0,29999,0,1,36.6921
2.5000e+01,76.0000,0,0,0,30000,0,0,36.3018
2.5000e+01,78.0000,0,0,0,30000,0,0,35.8291
2.5000e+01,80.0000,0,0,0,29998,0,2,35.2283
2.5000e+01,82.0000,0,0,0,29998,0,2,35.1957
2.5000e+01,84.0000,0,0,0,29999,0,1,34.0375
2.5000e+01,86.0000,0,0,0,29998,0,2,31.1353
2.5000e+01,88.0000,0,0,0,29999,0,1,33.5819
2.5000e+01,90.0000,0,0,0,30000,0,0,32.8559
2.5000e+01,92.0000,0,0,0,29999,0,1,32.3239
2.5000e+01,94.0000,0,0,0,29998,0,2,32.9977
2.5000e+01,96.0000,0,0,0,30000,0,0,33.1404
2.5000e+01,98.0000,0,0,0,29997,0,3,32.1876
3.0000e+03,0.0000,44,63,2,29890,0,1,51.0900
3.0000e+03,0.5000,49,52,1,29898,0,0,53.1725
3.0000e+03,1.0000,35,68,2,29895,0,0,55.6763
3.0000e+03,1.5000,22,39,2,29937,0,0,55.0917
3.0000e+03,2.0000,8,38,1,29953,0,0,52.4788
3.0000e+03,2.5000,2,36,0,29962,0,0,53.0805
3.0000e+03,3.0000,1,29,0,29970,0,0,50.5704
3.0000e+03,3.5000,2,17,1,29980,0,0,51.7709
3.0000e+03,4.0000,0,22,0,29978,0,0,53.3906
3.0000e+03,4.5000,0,20,0,29980,0,0,54.1661
3.0000e+03,5.0000,0,17,1,29982,0,0,55.2876
3.0000e+03,5.5000,0,12,1,29987,0,0,53.0249
3.0000e+03,6.0000,1,14,3,29982,0,0,62.1958
3.0000e+03,6.5000,1,10,0,29989,0,0,54.9131
3.0000e+03,7.0000,1,4,0,29995,0,0,63.7949
3.0000e+03,7.5000,3,5,0,29992,0,0,64.9041
3.0000e+03,8.0000,0,0,0,30000,0,0,63.0058
3.0000e+03,8.5000,1,5,0,29993,0,1,58.9906
3.0000e+03,9.0000,0,5,0,29995,0,0,61.2784
3.0000e+03,9.5000,1,1,0,29998,0,0,56.6180
3.0000e+03,10.0000,0,2,0,29998,0,0,58.6710
3.0000e+03,10.5000,1,0,0,29999,0,0,55.0043
3.0000e+03,11.0000,0,1,0,29999,0,0,44.0834
3.0000e+03,11.5000,0,0,0,29999,0,1,45.6119
3.0000e+03,12.0000,0,2,0,29998,0,0,45.5991
3.0000e+03,12.5000,0,0,0,30000,0,0,38.5115
3.0000e+03,13.0000,0,1,0,29999,0,0,37.5895
3.0000e+03,13.5000,0,0,0,30000,0,0,39.9801
3.0000e+03,14.0000,0,0,0,30000,0,0,36.0061
3.0000e+03,14.5000,0,0,0,30000,0,0,34.8397
3.0000e+03,15.0000,0,0,0,30000,0,0,31.4007
3.0000e+03,15.5000,0,0,0,30000,0,0,34.4286
3.0000e+03,16.0000,0,0,0,30000,0,0,33.4881
3.0000e+03,16.5000,0,0,0,29999,0,1,30.2796
3.0000e+03,17.0000,0,0,0,30000,0,0,32.0095
3.0000e+03,17.5000,0,0,0,30000,0,0,31.4594
3.0000e+03,18.0000,0,0,0,30000,0,0,28.3467
3.0000e+03,18.5000,0,0,0,30000,0,0,30.5119
3.0000e+03,19.0000,0,0,0,30000,0,0,30.6321
3.0000e+03,19.5000,0,0,0,30000,0,0,29.6201
3.0000e+03,20.0000,0,0,0,30000,0,0,27.3177
3.0000e+03,20.5000,0,0,0,30000,0,0,27.6983
3.0000e+03,21.0000,0,0,0,30000,0,0,29.0711
3.0000e+03,21.5000,0,0,0,29999,0,1,29.3496
3.0000e+03,22.0000,0,0,0,30000,0,0,28.6317
3.0000e+03,22.5000,0,0,0,30000,0,0,27.7448
3.0000e+03,23.0000,0,0,0,30000,0,0,24.7025
3.0000e+03,23.5000,0,0,0,30000,0,0,25.2075
3.0000e+03,24.0000,0,0,0,30000,0,0,25.1314
3.0000e+03,24.5000,0,0,0,30000,0,0,25.6769
3.0000e+03,25.0000,0,0,0,30000,0,0,25.9570
3.0000e+03,25.5000,0,0,0,30000,0,0,26.0681
3.0000e+03,26.0000,0,0,0,30000,0,0,25.8985
3.0000e+03,26.5000,0,0,0,30000,0,0,23.0441
3.0000e+03,27.0000,0,0,0,30000,0,0,25.5065
3.0000e+03,27.5000,0,0,0,30000,0,0,26.1298
3.0000e+03,28.0000,0,0,0,30000,0,0,25.8644
3.0000e+03,28.5000,0,0,0,30000,0,0,22.7937
3.0000e+03,29.0000,0,0,0,30000,0,0,25.0957
3.0000e+03,29.5000,0,0,0,30000,0,0,25.1274
5.0000e+02,0.0000,70,108,13,29809,0,0,67.8715
5.0000e+02,1.0000,51,88,17,29844,0,0,64.7228
5.0000e+02,2.0000,50,84,12,29854,0,0,70.4534
5.0000e+02,3.0000,38,79,9,29874,0,0,68.2680
5.0000e+02,4.0000,14,82,5,29899,0,0,70.1804
5.0000e+02,5.0000,11,63,5,29920,0,1,69.1640
5.0000e+02,6.0000,8,58,3,29931,0,0,66.1398
5.0000e+02,7.0000,11,77,1,29911,0,0,74.7871
5.0000e+02,8.0000,11,53,2,29934,0,0,73.0925
5.0000e+02,9.0000,14,50,0,29935,0,1,83.2520
5.0000e+02,10.0000,17,41,5,29937,0,0,85.2226
5.0000e+02,11.0000,24,29,1,29945,0,1,86.7291
5.0000e+02,12.0000,17,35,9,29938,0,1,81.0727
5.0000e+02,13.0000,17,24,1,29958,0,0,75.5904
5.0000e+02,14.0000,15,29,2,29954,0,0,90.8427
5.0000e+02,15.0000,16,23,3,29958,0,0,72.3239
5.0000e+02,16.0000,12,17,3,29968,0,0,75.0713
5.0000e+02,17.0000,6,7,2,29985,0,0,53.6374
5.0000e+02,18.0000,2,4,0,29994,0,0,58.4347
5.0000e+02,19.0000,1,4,0,29995,0,0,49.3627
5.0000e+02,20.0000,1,2,0,29997,0,0,49.0060
5.0000e+02,21.0000,0,0,0,30000,0,0,42.2353
5.0000e+02,22.0000,1,2,0,29997,0,0,42.9850
5.0000e+02,23.0000,0,1,0,29998,0,1,35.7229
5.0000e+02,24.0000,0,1,0,29999,0,0,37.8884
5.0000e+02,25.0000,0,0,0,30000,0,0,37.1097
5.0000e+02,26.0000,0,1,0,29998,0,1,33.5652
5.0000e+02,27.0000,0,0,0,29999,0,1,35.2972
5.0000e+02,28.0000,0,0,0,30000,0,0,34.5737
5.0000e+02,29.0000,0,1,0,29999,0,0,37.9785
5.0000e+02,30.0000,0,0,0,30000,0,0,30.5156
5.0000e+02,31.0000,0,0,0,29999,0,1,31.7598
5.0000e+02,32.0000,0,0,0,29999,0,1,31.6142
5.0000e+02,33.0000,0,0,0,30000,0,0,30.9767
5.0000e+02,34.0000,0,0,0,30000,0,0,31.4911
5.0000e+02,35.0000,0,0,0,29999,0,1,30.3422
5.0000e+02,36.0000,0,0,0,30000,0,0,29.5586
5.0000e+02,37.0000,0,0,0,30000,0,0,30.1256
5.0000e+02,38.0000,0,0,0,30000,0,0,29.5082
5.0000e+02,39.0000,0,0,0,30000,0,0,29.0528
5.0000e+02,40.0000,0,0,0,30000,0,0,28.4493
5.0000e+02,41.0000,0,0,0,30000,0,0,28.6322
5.0000e+02,42.0000,0,0,0,30000,0,0,28.3733
5.0000e+02,43.0000,0,0,0,29999,0,1,27.9463
5.0000e+02,44.0000,0,0,0,30000,0,0,27.3397
5.0000e+02,45.0000,0,0,0,29999,0,1,26.8281
5.0000e+02,46.0000,0,0,0,30000,0,0,26.3331
5.0000e+02,47.0000,0,0,0,29999,0,1,26.7668
5.0000e+02,48.0000,0,0,0,30000,0,0,26.3404
5.0000e+02,49.0000,0,0,0,30000,0,0,26.1623
5.0000e+01,0.0000,144,184,25,29646,0,1,102.8954
5.0000e+01,2.0000,94,167,31,29707,0,1,95.8102
5.0000e+01,4.0000,66,159,34,29739,0,2,102.8646
5.0000e+01,6.0000,77,157,32,29734,0,0,104.0103
5.0000e+01,8.0000,60,141,18,29780,0,1,108.3781
5.0000e+01,10.0000,55,166,20,29759,0,0,120.7294
5.0000e+01,12.0000,63,145,18,29774,0,0,106.2986
5.0000e+01,14.0000,56,136,11,29796,0,1,118.4578
5.0000e+01,16.0000,55,119,15,29811,0,0,105.9517
5.0000e+01,18.0000,48,94,10,29847,0,1,109.2701
5.0000e+01,20.0000,53,104,13,29829,0,1,112.8372
5.0000e+01,22.0000,54,64,9,29873,0,0,112.8671
5.0000e+01,24.0000,38,48,5,29909,0,0,94.9637
5.0000e+01,26.0000,28,37,5,29929,0,1,82.7890
5.0000e+01,28.0000,23,25,3,29949,0,0,75.8329
5.0000e+01,30.0000,12,22,1,29965,0,0,70.3108
5.0000e+01,32.0000,3,23,2,29972,0,0,58.6212
5.0000e+01,34.0000,1,8,0,29990,0,1,61.9953
5.0000e+01,36.0000,1,8,0,29989,0,2,56.2401
5.0000e+01,38.0000,0,2,0,29996,0,2,47.6940
5.0000e+01,40.0000,2,1,0,29994,0,3,58.4957
5.0000e+01,42.0000,0,3,0,29996,0,1,47.1149
5.0000e+01,44.0000,1,0,0,29998,0,1,44.7559
5.0000e+01,46.0000,0,0,0,30000,0,0,40.0825
5.0000e+01,48.0000,0,1,0,29998,0,1,44.2221
5.0000e+01,50.0000,0,0,0,29999,0,1,40.9344
5.0000e+01,52.0000,0,0,0,29998,0,2,37.9397
5.0000e+01,54.0000,0,0,0,30000,0,0,40.6177
5.0000e+01,56.0000,0,0,0,29999,0,1,40.6751
5.0000e+01,58.0000,0,0,0,29998,0,2,38.6813
5.0000e+01,60.0000,0,0,1,29998,0,1,35.2624
5.0000e+01,62.0000,0,0,0,29999,0,1,36.5321
5.0000e+01,64.0000,1,0,0,29998,0,1,36.6794
5.0000e+01,66.0000,0,0,0,30000,0,0,36.6492
5.0000e+01,68.0000,0,0,0,30000,0,0,35.6047
5.0000e+01,70.0000,0,0,0,30000,0,0,34.8296
5.0000e+01,72.0000,0,0,0,30000,0,0,33.6889
5.0000e+01,74.0000,0,0,0,29999,0,1,34.7900
5.0000e+01,76.0000,0,0,0,30000,0,0,34.1901
5.0000e+01,78.0000,0,0,0,29999,0,1,33.9372
5.0000e+01,80.0000,0,0,0,29999,0,1,30.9696
5.0000e+01,82.0000,0,0,0,29999,0,1,32.6465
5.0000e+01,84.0000,0,0,0,30000,0,0,32.6249
5.0000e+01,86.0000,0,0,0,29998,0,2,29.5396
5.0000e+01,88.0000,0,0,0,30000,0,0,31.5926
5.0000e+01,90.0000,0,0,0,29998,0,2,31.5968
5.0000e+01,92.0000,0,0,0,30000,0,0,31.7598
5.0000e+01,94.0000,0,0,0,30000,0,0,31.5593
5.0000e+01,96.0000,0,0,0,29999,0,1,31.8389
5.0000e+01,98.0000,0,0,0,29999,0,1,31.1904
5.0000e+00,0.0000,200,417,29,29349,0,5,131.8215
5.0000e+00,5.0000,128,358,15,29495,0,4,140.3967
5.0000e+00,10.0000,111,317,17,29549,0,6,137.9156
5.0000e+00,15.0000,89,297,18,29587,0,9,153.0164
5.0000e+00,20.0000,110,287,8,29590,0,5,148.1778
5.0000e+00,25.0000,108,289,23,29570,0,10,150.1575
5.0000e+00,30.0000,112,238,12,29629,0,9,142.5728
5.0000e+00,35.0000,77,219,8,29688,0,8,138.7930
5.0000e+00,40.0000,85,151,9,29751,0,4,126.5329
5.0000e+00,45.0000,74,101,4,29814,0,7,107.3871
5.0000e+00,50.0000,27,56,2,29912,0,3,104.9717
5.0000e+00,55.0000,9,26,1,29958,0,6,78.2049
5.0000e+00,60.0000,8,22,1,29961,0,8,72.9263
5.0000e+00,65.0000,1,10,0,29984,0,5,57.6726
5.0000e+00,70.0000,2,2,1,29989,0,6,67.6929
5.0000e+00,75.0000,0,1,0,29994,0,5,56.4190
5.0000e+00,80.0000,0,3,0,29991,0,6,51.5100
5.0000e+00,85.0000,0,1,0,29991,0,8,54.8335
5.0000e+00,90.0000,0,0,0,29996,0,4,49.6506
5.0000e+00,95.0000,0,1,0,29994,0,5,49.6962
5.0000e+00,100.0000,0,0,0,29999,0,1,46.1336
5.0000e+00,105.0000,0,0,0,29996,0,4,46.1460
5.0000e+00,110.0000,0,0,0,29995,0,5,43.2681
5.0000e+00,115.0000,0,0,0,29997,0,3,45.2173
5.0000e+00,120.0000,0,0,0,29993,0,7,44.4612
5.0000e+00,125.0000,0,0,0,29994,0,6,43.2508
5.0000e+00,130.0000,0,0,0,29992,0,8,42.2325
5.0000e+00,135.0000,0,0,0,29993,0,7,41.4292
5.0000e+00,140.0000,1,0,0,29990,0,9,39.9617
5.0000e+00,145.0000,0,0,0,29994,0,6,38.8925
5.0000e+00,150.0000,0,0,0,29993,0,7,39.0411
5.0000e+00,155.0000,0,0,0,29997,0,3,39.1418
5.0000e+00,160.0000,0,0,0,29997,0,3,38.0109
5.0000e+00,165.0000,0,0,0,29994,0,6,37.4528
5.0000e+00,170.0000,0,0,0,29994,0,6,36.7922
5.0000e+00,175.0000,0,0,0,29994,0,6,37.2022
5.0000e+00,180.0000,0,0,0,29995,0,5,34.5934
5.0000e+00,185.0000,0,0,0,29988,0,12,36.9102
5.0000e+00,190.0000,0,0,0,29997,0,3,36.4271
5.0000e+00,195.0000,0,1,0,29992,0,7,33.1304
5.0000e+00,200.0000,0,0,0,29993,0,7,33.2490
5.0000e+00,205.0000,0,0,0,29990,0,10,34.4169
5.0000e+00,210.0000,0,0,0,29997,0,3,34.9253
5.0000e+00,215.0000,0,0,0,29995,0,5,34.1246
5.0000e+00,220.0000,0,0,0,29994,0,6,34.0853
5.0000e+00,225.0000,0,0,0,29994,0,6,33.8556
5.0000e+00,230.0000,0,0,0,29993,0,7,33.9010
5.0000e+00,235.0000,0,0,0,29995,0,5,33.5556
5.0000e+00,240.0000,0,0,0,29994,0,6,33.4313
5.0000e+00,245.0000,0,1,0,29992,0,7,33.2527
5.0000e+00,250.0000,0,0,0,29990,0,10,31.8517
5.0000e+00,255.0000,0,0,0,29998,0,2,32.2623
5.0000e+00,260.0000,0,0,0,29997,0,3,32.8611
5.0000e+00,265.0000,0,0,0,29993,0,7,31.3917
5.0000e+00,270.0000,0,0,0,29994,0,6,33.2800
5.0000e+00,275.0000,0,0,0,29994,0,6,32.7776
5.0000e+00,280.0000,0,0,0,29994,0,6,31.2034
5.0000e+00,285.0000,0,0,0,29993,0,7,31.9857
5.0000e+00,290.0000,0,0,0,29996,0,4,31.8164
5.0000e+00,295.0000,0,0,0,29990,0,10,31.8230
5.0000e+00,300.0000,0,0,0,29997,0,3,29.1091
5.0000e+00,305.0000,0,0,0,29996,0,4,30.3678
5.0000e+00,310.0000,0,0,0,29986,0,14,31.0036
5.0000e+00,315.0000,0,0,0,29989,0,11,28.1952
5.0000e+00,320.0000,0,0,0,29992,0,8,31.0540
5.0000e+00,325.0000,0,0,0,29994,0,6,31.6110
5.0000e+00,330.0000,0,0,0,29990,0,10,28.3993
5.0000e+00,335.0000,0,0,0,29991,0,9,30.6875
5.0000e+00,340.0000,0,0,0,29993,0,7,30.2662
5.0000e+00,345.0000,0,0,0,29996,0,4,30.7250
5.0000e+00,350.0000,0,0,0,29998,0,2,27.9559
5.0000e+00,355.0000,0,0,0,29993,0,7,30.9523
5.0000e+00,360.0000,0,0,0,29995,0,5,30.3646
5.0000e+00,365.0000,0,0,0,29992,0,8,29.9713
5.0000e+00,370.0000,0,1,0,29990,0,9,28.5006
5.0000e+00,375.0000,0,0,0,29987,0,13,30.0273
5.0000e+00,380.0000,0,0,0,29991,0,9,29.6810
5.0000e+00,385.0000,0,0,0,29991,0,9,29.7521
5.0000e+00,390.0000,0,0,0,29992,0,8,29.5760
5.0000e+00,395.0000,0,0,0,29988,0,12,28.8236
7.5000e+02,0.0000,67,82,7,29844,0,0,64.7616
7.5000e+02,1.0000,55,98,17,29830,0,0,64.1755
7.5000e+02,2.0000,41,88,10,29861,0,0,68.4020
7.5000e+02,3.0000,20,73,7,29899,0,1,71.3617
7.5000e+02,4.0000,7,66,7,29920,0,0,65.6621
7.5000e+02,5.0000,7,60,2,29931,0,0,66.7321
7.5000e+02,6.0000,4,60,2,29934,0,0,72.4326
7.5000e+02,7.0000,7,49,3,29941,0,0,69.6190
7.5000e+02,8.0000,10,46,2,29942,0,0,75.6798
7.5000e+02,9.0000,12,37,3,29948,0,0,82.9522
7.5000e+02,10.0000,15,25,4,29955,0,1,87.9757
7.5000e+02,11.0000,16,19,0,29965,0,0,81.4160
7.5000e+02,12.0000,17,23,1,29959,0,0,78.5763
7.5000e+02,13.0000,9,17,0,29974,0,0,67.2975
7.5000e+02,14.0000,10,8,0,29981,0,1,68.8697
7.5000e+02,15.0000,4,9,1,29986,0,0,62.2967
7.5000e+02,16.0000,1,5,0,29994,0,0,56.9854
7.5000e+02,17.0000,0,3,0,29997,0,0,51.3844
7.5000e+02,18.0000,1,0,0,29999,0,0,52.7221
7.5000e+02,19.0000,1,1,0,29998,0,0,43.2043
7.5000e+02,20.0000,0,1,0,29999,0,0,42.1336
7.5000e+02,21.0000,0,1,0,29998,0,1,43.0997
7.5000e+02,22.0000,0,0,0,30000,0,0,41.5841
7.5000e+02,23.0000,0,0,0,30000,0,0,35.2676
7.5000e+02,24.0000,0,0,0,30000,0,0,37.6794
7.5000e+02,25.0000,0,0,0,30000,0,0,35.6376
7.5000e+02,26.0000,0,0,0,30000,0,0,35.2075
7.5000e+02,27.0000,0,0,0,29999,0,1,34.8239
7.5000e+02,28.0000,0,0,0,30000,0,0,33.3604
7.5000e+02,29.0000,0,0,0,30000,0,0,33.3410
7.5000e+02,30.0000,0,0,0,30000,0,0,30.0977
7.5000e+02,31.0000,0,0,0,30000,0,0,31.1447
7.5000e+02,32.0000,0,0,0,30000,0,0,32.1083
7.5000e+02,33.0000,0,0,0,29999,0,1,28.8808
7.5000e+02,34.0000,0,0,0,30000,0,0,31.3393
7.5000e+02,35.0000,0,0,0,30000,0,0,30.4711
7.5000e+02,36.0000,0,0,0,30000,0,0,27.0172
7.5000e+02,37.0000,0,0,0,30000,0,0,29.8111
7.5000e+02,38.0000,0,0,0,29999,0,1,29.4834
7.5000e+02,39.0000,0,0,0,29999,0,1,26.3867
7.5000e+02,40.0000,0,0,0,30000,0,0,26.3140
7.5000e+02,41.0000,0,0,0,30000,0,0,28.6071
7.5000e+02,42.0000,0,0,0,30000,0,0,28.9174
7.5000e+02,43.0000,0,0,0,30000,0,0,28.0636
7.5000e+02,44.0000,0,0,0,30000,0,0,27.9539
7.5000e+02,45.0000,0,0,0,30000,0,0,27.3987
7.5000e+02,46.0000,0,0,0,29999,0,1,24.7168
7.5000e+02,47.0000,0,0,0,30000,0,0,27.4114
7.5000e+02,48.0000,0,0,0,30000,0,0,27.0777
7.5000e+02,49.0000,0,0,0,30000,0,0,27.0111
7.5000e+00,0.0000,207,339,34,29415,0,5,136.8433
7.5000e+00,2.0000,167,304,21,29506,0,2,134.2068
7.5000e+00,4.0000,125,316,19,29534,0,6,129.7876
7.5000e+00,6.0000,112,311,21,29552,0,4,135.3852
7.5000e+00,8.0000,120,291,24,29558,0,7,142.1648
7.5000e+00,10.0000,103,268,15,29605,0,9,137.7385
7.5000e+00,12.0000,104,272,21,29597,0,6,169.7914
7.5000e+00,14.0000,94,267,19,29620,0,0,147.7834
7.5000e+00,16.0000,114,262,13,29608,0,3,149.3616
7.5000e+00,18.0000,97,282,16,29601,0,4,150.7537
7.5000e+00,20.0000,99,261,11,29623,0,6,153.8094
7.5000e+00,22.0000,83,305,26,29580,0,6,146.0092
7.5000e+00,24.0000,109,240,20,29625,0,6,147.9516
7.5000e+00,26.0000,101,235,14,29650,0,0,145.5195
7.5000e+00,28.0000,86,183,24,29704,0,3,138.9299
7.5000e+00,30.0000,82,199,9,29706,0,4,133.6729
7.5000e+00,32.0000,90,190,12,29708,0,0,158.2622
7.5000e+00,34.0000,75,159,12,29750,0,4,137.6501
7.5000e+00,36.0000,88,157,5,29745,0,5,134.1892
7.5000e+00,38.0000,62,110,11,29811,0,6,116.5362
7.5000e+00,40.0000,45,97,7,29849,0,2,123.8582
7.5000e+00,42.0000,33,73,8,29885,0,1,102.3494
7.5000e+00,44.0000,46,54,4,29893,0,3,108.8992
7.5000e+00,46.0000,20,33,2,29940,0,5,87.5634
7.5000e+00,48.0000,11,33,2,29951,0,3,81.9403
7.5000e+00,50.0000,7,47,0,29944,0,2,81.0367
7.5000e+00,52.0000,6,17,1,29968,0,8,75.3602
7.5000e+00,54.0000,2,14,0,29981,0,3,83.4293
7.5000e+00,56.0000,4,14,0,29975,0,7,86.8501
7.5000e+00,58.0000,1,9,1,29984,0,5,69.3147
7.5000e+00,60.0000,1,9,0,29985,0,5,63.5745
7.5000e+00,62.0000,1,4,0,29994,0,1,58.3518
7.5000e+00,64.0000,1,3,0,29991,0,5,59.2305
7.5000e+00,66.0000,1,3,1,29992,0,3,68.7004
7.5000e+00,68.0000,1,2,0,29994,0,3,54.2445
7.5000e+00,70.0000,0,2,1,29992,0,5,57.3555
7.5000e+00,72.0000,1,0,0,29992,0,7,49.0817
7.5000e+00,74.0000,0,1,0,29997,0,2,51.6910
7.5000e+00,76.0000,0,0,0,29998,0,2,49.2744
7.5000e+00,78.0000,0,0,0,29995,0,5,50.5663
7.5000e+00,80.0000,0,0,0,29993,0,7,47.8969
7.5000e+00,82.0000,0,0,0,29997,0,3,47.0107
7.5000e+00,84.0000,0,2,0,29995,0,3,46.5897
7.5000e+00,86.0000,0,0,0,29998,0,2,43.6485
7.5000e+00,88.0000,0,0,0,29994,0,6,45.9105
7.5000e+00,90.0000,0,0,0,29996,0,4,44.9870
7.5000e+00,92.0000,0,0,0,29995,0,5,44.1319
7.5000e+00,94.0000,0,0,0,29994,0,6,41.3551
7.5000e+00,96.0000,0,1,0,29997,0,2,42.4239
7.5000e+00,98.0000,0,0,0,29994,0,6,42.2055
7.5000e+01,0.0000,142,173,27,29656,0,2,96.7912
7.5000e+01,2.0000,85,193,25,29697,0,0,107.8683
7.5000e+01,4.0000,72,177,32,29719,0,0,109.7362
7.5000e+01,6.0000,63,124,20,29793,0,0,94.6251
7.5000e+01,8.0000,67,122,17,29793,0,1,108.5281
7.5000e+01,10.0000,57,139,11,29793,0,0,101.4937
7.5000e+01,12.0000,46,139,12,29802,0,1,108.2811
7.5000e+01,14.0000,37,110,10,29843,0,0,123.1993
7.5000e+01,16.0000,56,86,19,29838,0,1,110.9613
7.5000e+01,18.0000,35,70,10,29885,0,0,110.7426
7.5000e+01,20.0000,51,66,2,29879,0,2,111.2832
7.5000e+01,22.0000,28,60,6,29906,0,0,87.9329
7.5000e+01,24.0000,22,35,8,29935,0,0,78.0821
7.5000e+01,26.0000,14,24,3,29958,0,1,72.3441
7.5000e+01,28.0000,5,17,1,29977,0,0,70.9699
7.5000e+01,30.0000,6,9,0,29985,0,0,59.0938
7.5000e+01,32.0000,0,3,0,29995,0,2,50.7585
7.5000e+01,34.0000,1,3,0,29995,0,1,50.1982
7.5000e+01,36.0000,0,3,0,29997,0,0,51.6300
7.5000e+01,38.0000,0,2,0,29998,0,0,45.7454
7.5000e+01,40.0000,0,0,0,29999,0,1,48.4784
7.5000e+01,42.0000,0,1,0,29999,0,0,40.6955
7.5000e+01,44.0000,0,0,0,30000,0,0,40.5253
7.5000e+01,46.0000,0,0,0,29999,0,1,38.6321
7.5000e+01,48.0000,0,0,0,29998,0,2,38.6199
7.5000e+01,50.0000,0,0,0,30000,0,0,38.2817
7.5000e+01,52.0000,0,0,0,29999,0,1,35.0363
7.5000e+01,54.0000,0,0,0,29998,0,2,37.0694
7.5000e+01,56.0000,0,0,0,29999,0,1,36.7665
7.5000e+01,58.0000,0,0,0,29996,0,4,33.0191
7.5000e+01,60.0000,0,0,0,29997,0,3,32.1952
7.5000e+01,62.0000,0,0,0,29999,0,1,32.6360
7.5000e+01,64.0000,0,0,0,30000,0,0,33.9901
7.5000e+01,66.0000,0,0,0,29998,0,2,30.7644
7.5000e+01,68.0000,0,0,0,29999,0,1,33.3199
7.5000e+01,70.0000,0,0,0,29998,0,2,32.8112
7.5000e+01,72.0000,0,0,0,30000,0,0,31.5602
7.5000e+01,74.0000,0,0,0,30000,0,0,33.1308
7.5000e+01,76.0000,0,0,0,30000,0,0,32.6909
7.5000e+01,78.0000,0,0,0,29999,0,1,32.3228
7.5000e+01,80.0000,0,0,0,29998,0,2,29.0055
7.5000e+01,82.0000,0,0,0,29996,0,4,31.6196
7.5000e+01,84.0000,0,0,0,30000,0,0,30.6123
7.5000e+01,86.0000,0,0,0,29998,0,2,29.7462
7.5000e+01,88.0000,0,0,0,29999,0,1,29.7132
7.5000e+01,90.0000,0,0,0,30000,0,0,29.3645
7.5000e+01,92.0000,0,0,0,29999,0,1,28.2361
7.5000e+01,94.0000,0,0,0,30000,0,0,30.3362
7.5000e+01,96.0000,0,0,0,30000,0,0,29.5063
7.5000e+01,98.0000,0,0,0,29999,0,1,28.6370