e,b,n12,n23,n31,nd,nc,rej,time
0.001,0.0,0,402,390,1861,0,347,195.65071320533752
0.001,70.0,0,331,333,1988,0,348,225.9166078567505
0.001,140.0,0,292,296,2086,0,326,687.3206615447998
0.001,210.0,0,233,263,2162,0,342,187.71963953971863
0.001,280.0,2,238,273,2133,0,354,174.4623508453369
0.001,350.0,0,255,236,2144,0,365,178.7349693775177
0.001,420.0,0,212,238,2170,0,380,197.89603281021118
0.001,490.0,0,218,218,2227,0,337,160.0142800807953
0.001,560.0,2,250,231,2143,0,374,247.38876676559448
0.001,630.0,0,233,211,2151,0,405,199.85728931427002
0.001,700.0,0,223,243,2144,0,390,196.61564898490906
0.001,770.0,1,274,234,2133,0,358,211.07716417312622
0.001,840.0,1,285,239,2105,0,370,222.185161113739
0.001,910.0,0,266,258,2061,0,415,201.63743948936462
0.001,980.0,0,288,225,2093,0,394,180.28587675094604
0.001,1050.0,0,247,230,2102,0,421,184.38875198364258
0.001,1120.0,0,180,227,2166,0,427,159.65236163139343
0.001,1190.0,0,144,151,2272,0,433,136.98498439788818
0.001,1260.0,0,113,121,2315,0,451,119.11741662025452
0.001,1330.0,0,94,83,2356,0,467,85.59210205078125
0.001,1400.0,0,69,77,2354,0,500,71.18988609313965
0.001,1470.0,0,48,41,2405,0,506,45.47550582885742
0.001,1540.0,0,37,29,2427,0,507,44.21500563621521
0.001,1610.0,0,28,30,2452,0,490,35.99219584465027
0.001,1680.0,0,17,23,2458,0,502,30.831047534942627
0.001,1750.0,0,11,7,2459,0,523,71.44736194610596
0.001,1820.0,0,7,6,2470,0,517,70.06860518455505
0.001,1890.0,0,0,3,2455,0,542,73.78201818466187
0.001,1960.0,0,5,1,2467,0,527,73.60999965667725
0.001,2030.0,0,2,1,2450,0,547,63.81570029258728
0.001,2100.0,0,6,0,2449,0,545,73.37685585021973
0.001,2170.0,0,2,2,2463,0,533,73.28972506523132
0.001,2240.0,0,3,3,2477,0,517,34.572476863861084
0.001,2310.0,0,1,0,2457,0,542,40.66078042984009
0.001,2380.0,0,3,1,2455,0,541,40.64847421646118
0.001,2450.0,0,1,1,2471,0,527,43.01203155517578
0.001,2520.0,0,0,1,2513,0,486,13.650081396102905
0.001,2590.0,0,0,2,2488,0,510,12.48774766921997
0.001,2660.0,0,0,0,2453,0,547,12.192220211029053
0.001,2730.0,0,2,1,2479,0,518,11.251542806625366
0.001,2800.0,0,0,2,2509,0,489,11.109503269195557
0.001,2870.0,0,3,0,2535,0,462,106.45559334754944
0.001,2940.0,0,1,1,2523,0,475,101.96812105178833
0.001,3010.0,0,1,0,2527,0,472,106.48007607460022
0.001,3080.0,0,0,1,2530,0,469,99.15501832962036
0.001,3150.0,0,0,1,2555,0,444,77.60048270225525
0.001,3220.0,0,0,3,2502,0,495,105.92103910446167
0.001,3290.0,0,1,0,2548,0,451,106.74559187889099
0.001,3360.0,0,2,1,2560,0,437,105.00335836410522
0.001,3430.0,0,0,0,2559,0,441,22.513458728790283
0.001,3500.0,0,0,2,2631,0,367,8.364464521408081
0.01,0.0,1,392,476,2024,0,107,243.43722367286682
0.01,64.0,1,330,325,2233,0,111,236.19385719299316
0.01,128.0,0,234,221,2448,0,97,190.2558557987213
0.01,192.0,0,258,275,2347,0,120,213.57736825942993
0.01,256.0,0,239,225,2409,0,127,212.97748136520386
0.01,320.0,0,213,220,2442,0,125,197.10150051116943
0.01,384.0,0,233,243,2411,0,113,203.7122278213501
0.01,448.0,1,243,216,2432,0,108,210.32040882110596
0.01,512.0,1,257,262,2351,0,129,226.31737780570984
0.01,576.0,2,249,229,2393,0,127,243.9823625087738
0.01,640.0,0,175,215,2482,0,128,191.00454115867615
0.01,704.0,0,152,127,2622,0,99,131.91404509544373
0.01,768.0,0,85,70,2717,0,128,94.78030133247375
0.01,832.0,0,56,45,2795,0,104,70.043865442276
0.01,896.0,0,35,26,2797,0,142,48.27192664146423
0.01,960.0,0,20,18,2839,0,123,54.01703763008118
0.01,1024.0,0,12,8,2839,0,141,50.143824338912964
0.01,1088.0,0,3,6,2847,0,144,50.717120885849
0.01,1152.0,0,2,1,2856,0,141,35.2496542930603
0.01,1216.0,0,1,9,2822,0,168,35.272207498550415
0.01,1280.0,0,3,2,2833,0,162,67.52055859565735
0.01,1344.0,0,1,2,2835,0,162,73.22688317298889
0.01,1408.0,0,2,0,2839,0,159,53.72477650642395
0.01,1472.0,0,1,0,2806,0,193,70.68386220932007
0.01,1536.0,0,0,1,2812,0,187,70.7448878288269
0.01,1600.0,0,0,1,2812,0,187,82.68247032165527
0.01,1664.0,0,2,0,2779,0,219,65.3356990814209
0.01,1728.0,0,0,0,2803,0,197,99.84183359146118
0.01,1792.0,0,1,0,2789,0,210,100.21262431144714
0.01,1856.0,0,1,0,2800,0,199,98.47331523895264
0.01,1920.0,0,1,0,2803,0,196,101.1459629535675
0.01,1984.0,0,0,0,2788,0,212,85.38320755958557
0.01,2048.0,0,2,0,2788,0,210,103.15328621864319
0.01,2112.0,0,1,0,2812,0,187,103.07704210281372
0.01,2176.0,0,1,0,2805,0,194,111.19245934486389
0.01,2240.0,0,0,1,2788,0,211,78.95020055770874
0.01,2304.0,0,0,0,2823,0,177,90.25781559944153
0.01,2368.0,0,0,1,2835,0,164,99.06519746780396
0.01,2432.0,0,0,0,2832,0,168,99.35421681404114
0.01,2496.0,0,1,0,2833,0,166,93.10329413414001
0.01,2560.0,0,0,0,2833,0,167,79.42939901351929
0.01,2624.0,0,1,0,2861,0,138,67.62995553016663
0.01,2688.0,0,0,0,2856,0,144,94.51124572753906
0.01,2752.0,0,0,0,2860,0,140,92.97974562644958
0.01,2816.0,0,0,0,2847,0,153,92.14189791679382
0.01,2880.0,0,0,0,2856,0,144,94.16919302940369
0.01,2944.0,0,0,0,2891,0,109,99.06178045272827
0.01,3008.0,0,0,0,2860,0,140,101.88010025024414
0.01,3072.0,0,0,0,2892,0,108,86.37985062599182
0.01,3136.0,0,0,0,2875,0,125,50.433226346969604
0.01,3200.0,0,0,0,2891,0,109,27.51211929321289
1.0,0.0,0,434,439,2101,0,26,441.9626820087433
1.0,25.0,1,273,298,2397,0,31,447.2022669315338
1.0,50.0,2,276,261,2425,0,36,417.43608570098877
1.0,75.0,7,246,238,2476,0,33,453.5148227214813
1.0,100.0,1,210,221,2532,0,36,400.864444732666
1.0,125.0,4,234,213,2523,0,26,443.57636523246765
1.0,150.0,11,228,232,2506,0,23,463.33485293388367
1.0,175.0,9,240,251,2484,0,16,413.68428921699524
1.0,200.0,2,203,187,2580,0,28,427.9754042625427
1.0,225.0,2,131,125,2711,0,31,454.59563279151917
1.0,250.0,0,75,61,2839,0,25,464.83206725120544
1.0,275.0,1,50,43,2879,0,27,441.5892026424408
1.0,300.0,0,28,22,2915,0,35,435.1743187904358
1.0,325.0,0,8,7,2957,0,28,422.37754106521606
1.0,350.0,0,2,7,2956,0,35,447.1416735649109
1.0,375.0,0,4,4,2960,0,32,414.19284772872925
1.0,400.0,0,1,0,2968,0,31,291.51557445526123
1.0,425.0,0,1,3,2960,0,36,421.554119348526
1.0,450.0,0,0,0,2969,0,31,438.2619876861572
1.0,475.0,0,1,0,2963,0,36,426.73777747154236
1.0,500.0,0,2,0,2965,0,33,438.3990514278412
1.0,525.0,0,3,1,2964,0,32,423.9610035419464
1.0,550.0,0,1,1,2963,0,35,438.4303002357483
1.0,575.0,0,2,0,2959,0,39,417.78031945228577
1.0,600.0,0,0,0,2958,0,42,465.1835422515869
1.0,625.0,0,0,0,2965,0,35,424.3991189002991
1.0,650.0,0,0,0,2958,0,42,424.33084297180176
1.0,675.0,0,1,0,2967,0,32,453.0335695743561
1.0,700.0,0,0,0,2962,0,38,452.33040618896484
1.0,725.0,0,0,0,2950,0,50,421.50599479675293
1.0,750.0,0,0,0,2955,0,45,434.11939096450806
1.0,775.0,0,0,0,2967,0,33,439.96171283721924
1.0,800.0,0,1,0,2957,0,42,286.54094552993774
1.0,825.0,0,0,1,2942,0,57,294.2113416194916
1.0,850.0,0,0,0,2948,0,52,285.35699915885925
1.0,875.0,0,0,0,2954,0,46,277.64760637283325
1.0,900.0,0,0,0,2945,0,55,285.5966086387634
1.0,925.0,0,0,0,2939,0,61,277.75965642929077
1.0,950.0,0,0,0,2941,0,59,281.66862511634827
1.0,975.0,0,0,0,2931,0,69,279.77746987342834
1.0,1000.0,0,1,0,2935,0,64,280.80463695526123
1.0,1025.0,0,0,0,2944,0,56,279.9629080295563
1.0,1050.0,0,1,1,2943,0,55,279.7515003681183
1.0,1075.0,0,0,1,2953,0,46,277.72811818122864
1.0,1100.0,0,0,0,2951,0,49,273.4502658843994
1.0,1125.0,0,0,0,2963,0,37,271.80771589279175
1.0,1150.0,0,0,1,2952,0,47,266.0809564590454
1.0,1175.0,0,0,0,2960,0,40,268.74406123161316
1.0,1200.0,0,0,0,2953,0,47,254.5722532272339
1.0,1225.0,0,0,0,2957,0,43,268.222403049469
1.0,1250.0,0,0,0,2958,0,42,268.76054096221924
10.0,0.0,3,443,420,2087,0,47,425.4977984428406
10.0,15.0,4,327,279,2351,0,39,491.72373962402344
10.0,30.0,4,275,278,2413,0,30,431.4036068916321
10.0,45.0,6,238,228,2492,0,36,458.70051550865173
10.0,60.0,9,215,205,2537,0,34,421.3656487464905
10.0,75.0,16,226,203,2503,0,52,461.11887884140015
10.0,90.0,21,213,234,2499,0,33,429.41046667099
10.0,105.0,17,195,213,2525,0,50,429.96562218666077
10.0,120.0,7,177,181,2586,0,49,469.7597417831421
10.0,135.0,0,99,84,2766,0,51,415.36952567100525
10.0,150.0,3,52,55,2845,0,45,466.15241980552673
10.0,165.0,0,20,37,2893,0,50,472.86304545402527
10.0,180.0,0,13,10,2925,0,52,475.3963837623596
10.0,195.0,0,4,4,2931,0,61,474.19627571105957
10.0,210.0,0,2,1,2953,0,44,467.4924955368042
10.0,225.0,0,1,1,2949,0,49,459.181592464447
10.0,240.0,0,1,3,2951,0,45,468.11954140663147
10.0,255.0,0,1,0,2950,0,49,436.3643798828125
10.0,270.0,0,1,5,2943,0,51,449.56876134872437
10.0,285.0,0,4,1,2949,0,46,337.822074174881
10.0,300.0,0,1,1,2945,0,53,461.388445854187
10.0,315.0,0,1,2,2949,0,48,445.2586486339569
10.0,330.0,0,1,0,2940,0,59,459.047176361084
10.0,345.0,0,2,1,2935,0,62,442.59446024894714
10.0,360.0,0,0,0,2929,0,71,464.149028301239
10.0,375.0,0,0,0,2945,0,55,436.67551612854004
10.0,390.0,0,1,0,2937,0,62,473.19944620132446
10.0,405.0,0,1,0,2938,0,61,442.3507733345032
10.0,420.0,0,1,0,2918,0,81,429.1992723941803
10.0,435.0,0,0,1,2927,0,72,444.1756343841553
10.0,450.0,0,0,1,2905,0,94,466.1281726360321
10.0,465.0,0,0,1,2926,0,73,468.67174649238586
10.0,480.0,0,0,1,2914,0,85,332.3908727169037
10.0,495.0,0,0,0,2907,0,93,286.94386410713196
10.0,510.0,0,0,0,2932,0,68,289.3989267349243
10.0,525.0,0,0,0,2916,0,84,282.50261926651
10.0,540.0,0,0,1,2939,0,60,278.7014603614807
10.0,555.0,0,0,2,2918,0,80,287.65988302230835
10.0,570.0,0,0,0,2914,0,86,282.59438014030457
10.0,585.0,0,0,0,2927,0,73,283.99669313430786
10.0,600.0,0,1,0,2930,0,69,233.32677674293518
10.0,615.0,0,1,1,2936,0,62,277.35758090019226
10.0,630.0,0,0,0,2947,0,53,276.72240233421326
10.0,645.0,0,0,0,2949,0,51,274.67410707473755
10.0,660.0,0,0,0,2963,0,37,271.7776246070862
10.0,675.0,0,0,0,2942,0,58,269.151104927063
10.0,690.0,0,0,0,2950,0,50,267.57600140571594
10.0,705.0,0,0,0,2946,0,54,261.02326917648315
10.0,720.0,0,0,0,2971,0,29,260.86024141311646
10.0,735.0,0,0,0,2942,0,58,256.46626567840576
10.0,750.0,0,0,0,2957,0,43,256.5915861129761
50.0,0.0,13,432,418,2118,0,19,196.02127742767334
50.0,11.5,6,303,317,2353,0,21,224.34230661392212
50.0,23.0,13,251,243,2475,0,18,149.40410709381104
50.0,34.5,20,211,227,2526,0,16,166.9712119102478
50.0,46.0,30,196,188,2568,0,18,154.86808800697327
50.0,57.5,19,201,224,2545,0,11,175.25777626037598
50.0,69.0,24,221,227,2514,0,14,155.7755069732666
50.0,80.5,11,157,127,2682,0,23,132.9021921157837
50.0,92.0,6,92,78,2817,0,7,79.3442611694336
50.0,103.5,2,45,41,2899,0,13,67.28118538856506
50.0,115.0,1,18,18,2946,0,17,92.9704053401947
50.0,126.5,0,4,8,2970,0,18,70.38336491584778
50.0,138.0,0,5,6,2970,0,19,54.577996015548706
50.0,149.5,0,4,1,2982,0,13,56.99081468582153
50.0,161.0,0,1,1,2970,0,28,90.40417695045471
50.0,172.5,0,1,0,2985,0,14,87.27766990661621
50.0,184.0,0,1,1,2978,0,20,79.6577844619751
50.0,195.5,0,3,1,2977,0,19,93.83697080612183
50.0,207.0,0,0,1,2978,0,21,90.73644423484802
50.0,218.5,0,1,0,2982,0,17,86.4411072731018
50.0,230.0,0,0,0,2977,0,23,86.06895089149475
50.0,241.5,0,0,0,2981,0,19,84.34003400802612
50.0,253.0,0,1,2,2974,0,23,84.95502734184265
50.0,264.5,0,2,0,2976,0,22,91.99929165840149
50.0,276.0,0,0,1,2978,0,21,76.76753497123718
50.0,287.5,0,0,1,2974,0,25,100.22579741477966
50.0,299.0,0,0,1,2972,0,27,102.25234651565552
50.0,310.5,0,0,0,2985,0,15,93.73717927932739
50.0,322.0,0,0,1,2972,0,27,101.28426122665405
50.0,333.5,0,0,0,2974,0,26,90.7421088218689
50.0,345.0,0,0,0,2969,0,31,79.72043180465698
50.0,356.5,0,0,0,2959,0,41,64.41662168502808
50.0,368.0,0,0,1,2974,0,25,62.280298709869385
50.0,379.5,0,0,0,2967,0,33,93.89763641357422
50.0,391.0,0,0,0,2971,0,29,87.84517335891724
50.0,402.5,0,0,0,2960,0,40,97.04282116889954
50.0,414.0,0,0,0,2966,0,34,89.92864203453064
50.0,425.5,0,0,0,2964,0,36,80.6336669921875
50.0,437.0,0,0,0,2962,0,38,93.40372824668884
50.0,448.5,0,1,0,2966,0,33,89.03774881362915
50.0,460.0,0,0,0,2963,0,37,90.83743858337402
50.0,471.5,0,0,0,2967,0,33,74.21109390258789
50.0,483.0,0,0,0,2969,0,31,92.03850412368774
50.0,494.5,0,0,0,2961,0,39,99.43693709373474
50.0,506.0,0,1,0,2967,0,32,76.14256763458252
50.0,517.5,0,0,0,2978,0,22,92.10566782951355
50.0,529.0,0,0,0,2980,0,20,89.25087141990662
50.0,540.5,0,0,1,2957,0,42,92.03631830215454
50.0,552.0,0,0,0,2975,0,25,71.93822932243347
50.0,563.5,0,0,0,2972,0,28,75.39727067947388
50.0,575.0,0,0,0,2981,0,19,45.67115068435669
100.0,0.0,21,423,453,2072,0,31,166.3504719734192
100.0,8.0,12,333,299,2331,0,25,171.92035031318665
100.0,16.0,19,268,277,2412,0,24,156.3169903755188
100.0,24.0,20,264,241,2451,0,24,144.94817543029785
100.0,32.0,27,202,197,2546,0,28,130.4302008152008
100.0,40.0,30,196,212,2534,0,28,134.15742826461792
100.0,48.0,34,194,218,2540,0,14,142.11693787574768
100.0,56.0,25,216,222,2507,0,30,146.71269249916077
100.0,64.0,14,195,180,2605,0,6,110.37052059173584
100.0,72.0,10,124,137,2714,0,15,101.0197982788086
100.0,80.0,1,66,89,2826,0,18,75.30891537666321
100.0,88.0,0,39,47,2896,0,18,59.12468361854553
100.0,96.0,0,19,25,2938,0,18,44.0019690990448
100.0,104.0,1,6,6,2971,0,16,81.06282663345337
100.0,112.0,1,4,8,2971,0,16,102.16219067573547
100.0,120.0,0,2,2,2972,0,24,71.28367567062378
100.0,128.0,0,1,2,2974,0,23,98.117751121521
100.0,136.0,0,3,2,2966,0,29,96.47447681427002
100.0,144.0,0,1,1,2978,0,20,95.6831603050232
100.0,152.0,0,0,0,2982,0,18,97.18908715248108
100.0,160.0,0,0,1,2977,0,22,106.02451682090759
100.0,168.0,0,2,0,2979,0,19,101.25695705413818
100.0,176.0,0,1,0,2969,0,30,91.06814694404602
100.0,184.0,0,0,1,2972,0,27,102.33874011039734
100.0,192.0,0,2,1,2968,0,29,111.45417308807373
100.0,200.0,0,0,0,2982,0,18,106.62404561042786
100.0,208.0,0,0,1,2979,0,20,108.01883101463318
100.0,216.0,0,0,0,2977,0,23,108.7953372001648
100.0,224.0,0,0,1,2972,0,27,110.14385151863098
100.0,232.0,0,0,0,2965,0,35,103.1652467250824
100.0,240.0,0,1,0,2966,0,33,88.09545826911926
100.0,248.0,0,0,0,2961,0,39,102.43323922157288
100.0,256.0,0,1,0,2972,0,27,110.75829434394836
100.0,264.0,0,0,0,2965,0,35,110.05058073997498
100.0,272.0,0,0,2,2966,0,32,107.47397303581238
100.0,280.0,0,0,0,2963,0,37,104.20513772964478
100.0,288.0,0,0,0,2969,0,31,88.68237328529358
100.0,296.0,0,0,0,2959,0,41,108.75794458389282
100.0,304.0,0,0,0,2954,0,46,101.975417137146
100.0,312.0,0,0,0,2959,0,41,98.78785181045532
100.0,320.0,0,0,0,2958,0,42,106.09924030303955
100.0,328.0,0,0,0,2953,0,47,109.11951732635498
100.0,336.0,0,0,0,2959,0,41,106.7594838142395
100.0,344.0,0,0,0,2949,0,51,90.30679154396057
100.0,352.0,0,0,0,2952,0,48,111.80355906486511
100.0,360.0,0,0,0,2961,0,39,104.98551964759827
100.0,368.0,0,1,0,2951,0,48,104.36295437812805
100.0,376.0,0,0,0,2958,0,42,91.52149677276611
100.0,384.0,0,0,0,2964,0,36,58.10197734832764
100.0,392.0,0,0,0,2968,0,32,58.91409349441528
100.0,400.0,0,1,0,2966,0,33,53.22219204902649
500.0,0.0,55,429,444,2056,0,16,109.38099098205566
500.0,8.0,48,254,249,2432,0,17,96.44947719573975
500.0,16.0,34,232,261,2453,0,20,96.79536581039429
500.0,24.0,38,216,214,2507,0,25,89.77339363098145
500.0,32.0,50,206,196,2522,0,26,105.84146213531494
500.0,40.0,31,179,158,2606,0,26,78.99796557426453
500.0,48.0,7,124,102,2739,0,28,53.54786920547485
500.0,56.0,2,48,53,2867,0,30,35.491095542907715
500.0,64.0,0,17,17,2956,0,10,31.15714383125305
500.0,72.0,0,4,8,2959,0,29,49.484534740448
500.0,80.0,0,3,1,2967,0,29,20.62002396583557
500.0,88.0,0,2,1,2968,0,29,97.14206600189209
500.0,96.0,0,2,1,2974,0,23,97.77538466453552
500.0,104.0,0,1,1,2978,0,20,99.0526053905487
500.0,112.0,0,0,1,2977,0,22,100.19194078445435
500.0,120.0,0,0,0,2968,0,32,98.43789935112
500.0,128.0,0,0,0,2973,0,27,99.97634744644165
500.0,136.0,0,2,0,2970,0,28,87.11660861968994
500.0,144.0,0,1,0,2962,0,37,100.82261657714844
500.0,152.0,0,0,1,2969,0,30,13.508671998977661
500.0,160.0,0,0,0,2963,0,37,85.04483294487
500.0,168.0,0,0,1,2962,0,37,99.15141987800598
500.0,176.0,0,0,0,2953,0,47,97.249338388443
500.0,184.0,0,1,0,2955,0,44,106.83586359024048
500.0,192.0,0,0,2,2958,0,40,108.2899239063263
500.0,200.0,0,1,0,2946,0,53,106.23778796195984
500.0,208.0,0,0,0,2950,0,50,107.71079730987549
500.0,216.0,0,0,1,2946,0,53,107.70539474487305
500.0,224.0,0,0,1,2941,0,58,20.918864965438843
500.0,232.0,0,1,0,2969,0,30,114.31428170204163
500.0,240.0,0,1,0,2955,0,44,112.52428984642029
500.0,248.0,0,0,0,2959,0,41,114.70264315605164
500.0,256.0,0,0,0,2959,0,41,107.92770624160767
500.0,264.0,0,0,0,2949,0,51,86.1340811252594
500.0,272.0,0,0,1,2967,0,32,114.77142477035522
500.0,280.0,0,0,0,2971,0,29,112.07932543754578
500.0,288.0,0,0,0,2960,0,40,113.51507902145386
500.0,296.0,0,0,1,2980,0,19,27.100700855255127
500.0,304.0,0,0,0,2975,0,25,96.48949217796326
500.0,312.0,0,0,0,2974,0,26,109.38924956321716
500.0,320.0,0,0,1,2977,0,22,110.35606288909912
500.0,328.0,0,0,0,2970,0,30,108.85050678253174
500.0,336.0,0,0,0,2980,0,20,107.45461893081665
500.0,344.0,0,0,0,2982,0,18,107.69641208648682
500.0,352.0,0,0,0,2970,0,30,107.02019095420837
500.0,360.0,0,0,0,2975,0,25,108.2887032032013
500.0,368.0,0,0,0,2968,0,32,66.01886820793152
500.0,376.0,0,0,0,2977,0,23,68.68799424171448
500.0,384.0,0,0,0,2976,0,24,53.685807943344116
500.0,392.0,0,0,0,2983,0,17,64.42039895057678
500.0,400.0,0,0,0,2981,0,19,69.03199768066406
1000.0,0.0,70,429,433,2033,0,35,87.8344657421112
1000.0,1.0,62,368,424,2122,0,24,84.08636426925659
1000.0,2.0,47,341,336,2257,0,19,75.5495994091034
1000.0,3.0,74,290,302,2310,0,24,74.24085736274719
1000.0,4.0,68,263,254,2386,0,29,71.94111967086792
1000.0,5.0,56,237,250,2430,0,27,69.83203744888306
1000.0,6.0,64,217,246,2443,0,30,71.35072541236877
1000.0,7.0,56,222,226,2458,0,38,71.47677326202393
1000.0,8.0,46,233,217,2479,0,25,70.03950047492981
1000.0,9.0,59,213,243,2456,0,29,69.77219200134277
1000.0,10.0,43,208,203,2523,0,23,69.70095658302307
1000.0,11.0,48,232,230,2458,0,32,68.59316754341125
1000.0,12.0,57,246,228,2429,0,40,69.59836506843567
1000.0,13.0,44,217,205,2507,0,27,68.28239822387695
1000.0,14.0,53,220,218,2484,0,25,71.10536336898804
1000.0,15.0,60,213,224,2475,0,28,72.66760540008545
1000.0,16.0,60,200,224,2487,0,29,74.75079488754272
1000.0,17.0,56,217,211,2491,0,25,72.3426501750946
1000.0,18.0,50,197,194,2524,0,35,65.8073673248291
1000.0,19.0,52,185,198,2548,0,17,74.745778799057
1000.0,20.0,52,204,205,2506,0,33,75.6914656162262
1000.0,21.0,47,204,212,2512,0,25,64.83828210830688
1000.0,22.0,55,164,185,2573,0,23,70.72029376029968
1000.0,23.0,45,199,191,2536,0,29,63.74492406845093
1000.0,24.0,49,182,178,2567,0,24,69.84767413139343
1000.0,25.0,37,175,188,2566,0,34,65.77801966667175
1000.0,26.0,54,189,203,2519,0,35,69.04768967628479
1000.0,27.0,43,176,168,2583,0,30,65.39558267593384
1000.0,28.0,50,172,186,2556,0,36,69.80328583717346
1000.0,29.0,51,178,176,2571,0,24,70.36414313316345
1000.0,30.0,51,188,193,2535,0,33,71.1282331943512
1000.0,31.0,48,187,177,2568,0,20,61.54637694358826
1000.0,32.0,45,173,168,2588,0,26,65.29113984107971
1000.0,33.0,51,144,189,2589,0,27,64.43371295928955
1000.0,34.0,41,155,163,2615,0,26,61.45541977882385
1000.0,35.0,32,172,164,2586,0,46,61.951807260513306
1000.0,36.0,30,147,158,2632,0,33,62.7608597278595
1000.0,37.0,29,153,140,2650,0,28,62.45335292816162
1000.0,38.0,23,147,146,2656,0,28,54.222254514694214
1000.0,39.0,13,135,111,2700,0,41,45.87495827674866
1000.0,40.0,11,106,93,2763,0,27,40.816595792770386
1000.0,41.0,7,85,102,2769,0,37,69.95693373680115
1000.0,42.0,11,76,93,2791,0,29,67.97948598861694
1000.0,43.0,4,84,77,2811,0,24,56.332945823669434
1000.0,44.0,8,87,74,2799,0,32,76.58447861671448
1000.0,45.0,6,58,65,2842,0,29,69.66108441352844
1000.0,46.0,4,54,57,2848,0,37,65.79577875137329
1000.0,47.0,1,52,49,2863,0,35,71.8105685710907
1000.0,48.0,1,38,49,2883,0,29,53.11307501792908
1000.0,49.0,2,36,48,2876,0,38,30.22778344154358
1000.0,50.0,3,31,28,2917,0,21,26.50931167602539
1000.0,52.0,1,25,26,2906,0,42,23.792150020599365
1000.0,54.0,0,26,17,2926,0,31,24.803075551986694
1000.0,56.0,0,7,11,2943,0,39,20.379060983657837
1000.0,58.0,0,5,10,2956,0,29,19.752434730529785
1000.0,60.0,0,4,7,2959,0,30,18.41117238998413
1000.0,62.0,0,6,7,2965,0,22,19.128109216690063
1000.0,64.0,0,2,6,2965,0,27,16.93965196609497
1000.0,66.0,0,3,0,2973,0,24,16.2692768573761
1000.0,68.0,0,1,1,2968,0,30,16.756865739822388
2000.0,0.0,65,382,396,2127,0,30,67.15096616744995
2000.0,1.0,63,400,370,2132,0,35,65.77044177055359
2000.0,2.0,79,275,311,2307,0,28,61.6986665725708
2000.0,3.0,67,250,246,2411,0,26,57.045340061187744
2000.0,4.0,66,206,228,2478,0,22,55.624669313430786
2000.0,5.0,61,204,175,2537,0,23,56.65841555595398
2000.0,6.0,54,174,156,2593,0,23,53.33166217803955
2000.0,7.0,54,182,145,2591,0,28,52.970381021499634
2000.0,8.0,54,127,155,2631,0,33,51.74666213989258
2000.0,9.0,46,138,156,2635,0,25,50.87291359901428
2000.0,10.0,39,140,165,2637,0,19,50.35921502113342
2000.0,11.0,58,166,147,2611,0,18,54.116894245147705
2000.0,12.0,44,175,179,2575,0,27,51.86195373535156
2000.0,13.0,46,162,181,2573,0,38,53.82269024848938
2000.0,14.0,41,182,195,2552,0,30,54.966434955596924
2000.0,15.0,43,168,182,2587,0,20,51.5062210559845
2000.0,16.0,33,202,182,2558,0,25,55.26884651184082
2000.0,17.0,43,165,184,2581,0,27,62.68791151046753
2000.0,18.0,43,205,171,2551,0,30,53.92206430435181
2000.0,19.0,36,176,167,2596,0,25,60.285685300827026
2000.0,20.0,40,149,169,2608,0,34,57.16606783866882
2000.0,21.0,32,172,198,2578,0,20,59.08111500740051
2000.0,22.0,49,184,187,2553,0,27,56.83421206474304
2000.0,23.0,39,178,179,2574,0,30,57.17347693443298
2000.0,24.0,33,171,160,2602,0,34,49.32317328453064
2000.0,25.0,41,155,168,2612,0,24,53.933128356933594
2000.0,26.0,46,147,152,2617,0,38,53.83613872528076
2000.0,27.0,41,154,151,2627,0,27,58.441487312316895
2000.0,28.0,48,144,127,2654,0,27,65.9145245552063
2000.0,29.0,38,136,129,2664,0,33,64.5092921257019
2000.0,30.0,31,121,146,2671,0,31,64.83002519607544
2000.0,31.0,26,124,112,2702,0,36,60.038936614990234
2000.0,32.0,22,115,128,2702,0,33,62.217185258865356
2000.0,33.0,14,105,117,2731,0,33,49.97967004776001
2000.0,34.0,8,101,85,2775,0,31,50.485740423202515
2000.0,35.0,8,83,100,2778,0,31,35.66223168373108
2000.0,36.0,5,64,71,2837,0,23,68.44222211837769
2000.0,37.0,2,62,63,2849,0,24,73.58498311042786
2000.0,38.0,5,62,52,2858,0,23,75.30462789535522
2000.0,39.0,3,48,44,2876,0,29,76.81210160255432
2000.0,40.0,4,53,53,2861,0,29,77.06373572349548
2000.0,41.0,0,49,40,2892,0,19,76.9909610748291
2000.0,42.0,2,24,31,2920,0,23,78.51704668998718
2000.0,43.0,0,27,26,2926,0,21,49.899035692214966
2000.0,44.0,0,17,23,2939,0,21,76.0874252319336
2000.0,45.0,1,16,17,2936,0,30,72.56207370758057
2000.0,46.0,0,18,10,2941,0,31,70.37409567832947
2000.0,47.0,1,14,14,2943,0,28,76.3856930732727
2000.0,48.0,1,9,9,2950,0,31,76.30234289169312
2000.0,49.0,1,6,7,2955,0,31,74.70010209083557
2000.0,50.0,0,7,3,2959,0,31,63.63833022117615
2000.0,52.0,0,4,3,2954,0,39,76.681875705719
2000.0,54.0,0,4,2,2965,0,29,89.57338762283325
2000.0,56.0,0,5,3,2968,0,24,91.495432138443
2000.0,58.0,0,2,1,2976,0,21,93.16554737091064
2000.0,60.0,0,5,2,2966,0,27,92.55515599250793
2000.0,62.0,0,4,1,2966,0,29,92.35376405715942
2000.0,64.0,0,0,1,2970,0,29,93.98323822021484
2000.0,66.0,0,1,0,2967,0,32,93.00793814659119
2000.0,68.0,0,2,0,2970,0,28,12.513403415679932
2000.0,70.0,0,2,0,2963,0,35,11.976207971572876
5000.0,0.0,111,294,315,2243,0,37,73.16621923446655
5000.0,2.0,91,202,197,2469,0,41,77.43411016464233
5000.0,4.0,122,140,141,2552,0,45,78.48669815063477
5000.0,6.0,78,140,129,2613,0,40,78.67952585220337
5000.0,8.0,48,103,114,2693,0,42,78.77446866035461
5000.0,10.0,26,130,147,2655,0,42,65.5927369594574
5000.0,12.0,26,132,136,2652,0,54,77.92144346237183
5000.0,14.0,21,161,147,2631,0,40,78.57756090164185
5000.0,16.0,25,141,123,2669,0,42,83.2739326953888
5000.0,18.0,27,127,138,2650,0,58,81.643301486969
5000.0,20.0,30,118,131,2682,0,39,84.64687299728394
5000.0,22.0,12,94,117,2722,0,55,81.51056003570557
5000.0,24.0,29,80,93,2749,0,49,83.25598883628845
5000.0,26.0,10,67,96,2774,0,53,84.55812430381775
5000.0,28.0,7,75,63,2813,0,42,71.4269151687622
5000.0,30.0,5,47,39,2856,0,53,84.34123039245605
5000.0,32.0,2,29,32,2879,0,58,95.1977264881134
5000.0,34.0,0,19,28,2908,0,45,74.79121232032776
5000.0,36.0,1,18,15,2911,0,55,97.96046471595764
5000.0,38.0,0,10,13,2932,0,45,95.5738172531128
5000.0,40.0,0,9,2,2933,0,56,92.01177549362183
5000.0,42.0,0,0,4,2945,0,51,95.4866840839386
5000.0,44.0,0,2,5,2938,0,55,97.51147294044495
5000.0,46.0,0,3,5,2946,0,46,97.66362619400024
5000.0,48.0,0,2,2,2942,0,54,12.556238174438477
5000.0,50.0,0,1,0,2933,0,66,104.85603928565979
5000.0,52.0,0,0,3,2927,0,70,102.59198355674744
5000.0,54.0,0,1,4,2931,0,64,85.77669596672058
5000.0,56.0,0,0,1,2928,0,71,105.23764705657959
5000.0,58.0,0,0,0,2943,0,57,106.12659811973572
5000.0,60.0,0,0,0,2939,0,61,105.41997289657593
5000.0,62.0,0,0,0,2932,0,68,104.97495174407959
5000.0,64.0,0,1,1,2945,0,53,106.01979184150696
5000.0,66.0,0,1,0,2927,0,72,18.3310387134552
5000.0,68.0,0,1,0,2921,0,78,89.31362891197205
5000.0,70.0,0,1,1,2942,0,56,106.28919959068298
5000.0,72.0,0,2,0,2920,0,78,105.1003966331482
5000.0,74.0,0,0,3,2930,0,67,102.45115804672241
5000.0,76.0,0,2,0,2908,0,90,104.40701198577881
5000.0,78.0,0,1,0,2910,0,89,106.02457451820374
5000.0,80.0,0,0,0,2925,0,75,105.88099265098572
5000.0,82.0,0,1,1,2925,0,73,105.75719571113586
5000.0,84.0,0,0,2,2918,0,80,106.53650164604187
5000.0,86.0,0,0,0,2903,0,97,105.21602439880371
5000.0,88.0,0,0,2,2905,0,93,105.30558037757874
5000.0,90.0,0,1,0,2904,0,95,107.69593048095703
5000.0,92.0,0,0,0,2912,0,88,106.23178601264954
5000.0,94.0,0,0,1,2903,0,96,92.6396381855011
5000.0,96.0,0,0,0,2918,0,82,107.85720634460449
5000.0,98.0,0,0,0,2907,0,93,108.15861344337463
5000.0,100.0,0,0,0,2908,0,92,8.30901551246643
8000.0,0.0,109,235,250,2370,0,36,73.18250060081482
8000.0,2.0,121,133,141,2566,0,39,74.69713401794434
8000.0,4.0,80,101,121,2664,0,34,76.89469623565674
8000.0,6.0,57,81,99,2723,0,40,77.33142518997192
8000.0,8.0,34,90,94,2752,0,30,76.30222463607788
8000.0,10.0,23,105,115,2724,0,33,65.23611354827881
8000.0,12.0,22,118,104,2736,0,20,71.9485776424408
8000.0,14.0,16,89,82,2780,0,33,75.97104668617249
8000.0,16.0,30,100,82,2754,0,34,83.74272298812866
8000.0,18.0,19,84,98,2763,0,36,90.10781788825989
8000.0,20.0,8,61,73,2827,0,31,91.04125666618347
8000.0,22.0,8,69,65,2815,0,43,90.71342349052429
8000.0,24.0,3,51,48,2872,0,26,87.44352269172668
8000.0,26.0,0,44,42,2875,0,39,75.33969712257385
8000.0,28.0,1,33,24,2912,0,30,92.39967703819275
8000.0,30.0,0,21,23,2911,0,45,92.14893770217896
8000.0,32.0,0,13,12,2935,0,40,19.04031467437744
8000.0,34.0,0,10,9,2945,0,36,21.61385726928711
8000.0,36.0,0,5,4,2957,0,34,22.297645568847656
8000.0,38.0,0,3,1,2956,0,40,95.64207553863525
8000.0,40.0,0,6,4,2961,0,29,76.50011944770813
8000.0,42.0,0,0,2,2961,0,37,98.6295440196991
8000.0,44.0,0,1,2,2970,0,27,97.11546230316162
8000.0,46.0,0,0,1,2961,0,38,96.94858145713806
8000.0,48.0,0,2,2,2961,0,35,96.79366540908813
8000.0,50.0,0,1,0,2963,0,36,96.95326399803162
8000.0,52.0,0,0,1,2959,0,40,98.6113634109497
8000.0,54.0,0,2,0,2970,0,28,13.858743667602539
8000.0,56.0,0,2,1,2956,0,41,100.10572814941406
8000.0,58.0,0,1,0,2952,0,47,102.2341775894165
8000.0,60.0,0,1,3,2957,0,39,103.9547712802887
8000.0,62.0,0,0,0,2963,0,37,97.98363852500916
8000.0,64.0,0,0,1,2951,0,48,103.45262169837952
8000.0,66.0,0,0,0,2962,0,38,91.71613144874573
8000.0,68.0,0,0,1,2955,0,44,102.45939564704895
8000.0,70.0,0,0,0,2945,0,55,103.9366819858551
8000.0,72.0,0,0,1,2949,0,50,105.36376953125
8000.0,74.0,0,0,1,2939,0,60,102.21703696250916
8000.0,76.0,0,0,0,2944,0,56,106.25660705566406
8000.0,78.0,0,1,0,2934,0,65,101.92884278297424
8000.0,80.0,0,1,1,2924,0,74,105.5424280166626
8000.0,82.0,0,0,0,2934,0,66,91.58653593063354
8000.0,84.0,0,1,2,2939,0,58,106.12044668197632
8000.0,86.0,0,0,1,2942,0,57,106.24833106994629
8000.0,88.0,0,0,0,2947,0,53,26.458632230758667
8000.0,90.0,0,1,0,2938,0,61,27.938252449035645
8000.0,92.0,0,0,0,2935,0,65,31.57782244682312
8000.0,94.0,0,0,1,2940,0,59,109.25149250030518
8000.0,96.0,0,0,0,2926,0,74,109.40807819366455
8000.0,98.0,0,0,1,2942,0,57,111.23398900032043
8000.0,100.0,0,2,0,2927,0,71,104.29810214042664
8000.0,102.0,0,0,0,2950,0,50,91.5786337852478
8000.0,104.0,0,0,0,2922,0,78,112.07355666160583
8000.0,106.0,0,0,0,2942,0,58,110.2646758556366
8000.0,108.0,0,0,0,2943,0,57,109.1181423664093
8000.0,110.0,0,0,0,2934,0,66,22.696414470672607
8000.0,112.0,1,0,0,2946,0,53,45.98103094100952
8000.0,114.0,0,0,0,2932,0,68,52.53648042678833
8000.0,116.0,0,0,0,2955,0,45,52.16249656677246
8000.0,118.0,0,0,1,2943,0,56,103.25309085845947
8000.0,120.0,0,1,0,2951,0,48,102.80244040489197
8000.0,122.0,0,0,0,2950,0,50,52.61908936500549
8000.0,124.0,0,0,0,2944,0,56,104.24427199363708
8000.0,126.0,0,0,0,2941,0,59,97.62448859214783
8000.0,128.0,0,0,0,2952,0,48,94.14486861228943
8000.0,130.0,0,0,0,2943,0,57,103.76884412765503
8000.0,132.0,0,0,0,2956,0,44,104.00032615661621
8000.0,134.0,0,0,0,2965,0,35,101.91855883598328
8000.0,136.0,0,0,0,2963,0,37,113.58171963691711
8000.0,138.0,0,0,0,2962,0,38,108.56173849105835
8000.0,140.0,0,0,0,2965,0,35,112.30449414253235
8000.0,142.0,0,0,0,2958,0,42,89.67413973808289
8000.0,144.0,0,0,0,2965,0,35,108.35790681838989
8000.0,146.0,0,0,0,2971,0,29,107.47069358825684
8000.0,148.0,0,0,0,2966,0,34,108.71721172332764
8000.0,150.0,0,0,0,2963,0,37,113.3874351978302
10000.0,0.0,148,191,186,2413,0,62,82.9581971168518
10000.0,2.0,129,120,115,2553,0,83,69.62058615684509
10000.0,4.0,77,93,114,2638,0,78,84.66588139533997
10000.0,6.0,41,93,71,2711,0,84,81.54739737510681
10000.0,8.0,18,65,61,2788,0,68,83.62767887115479
10000.0,10.0,16,98,95,2724,0,67,84.1949520111084
10000.0,12.0,14,116,99,2691,0,80,84.03305053710938
10000.0,14.0,17,73,67,2779,0,64,84.4109845161438
10000.0,16.0,13,86,81,2745,0,75,68.8055636882782
10000.0,18.0,13,81,69,2757,0,80,84.29150128364563
10000.0,20.0,4,66,46,2821,0,63,89.44971132278442
10000.0,22.0,1,38,45,2836,0,80,92.4708640575409
10000.0,24.0,2,26,32,2867,0,73,92.77521681785583
10000.0,26.0,0,17,17,2900,0,66,91.11406660079956
10000.0,28.0,1,16,14,2894,0,75,81.8785617351532
10000.0,30.0,1,3,13,2900,0,83,84.12114953994751
10000.0,32.0,0,7,7,2927,0,59,38.28305959701538
10000.0,34.0,0,1,2,2930,0,67,47.22331118583679
10000.0,36.0,0,4,5,2913,0,78,45.95262861251831
10000.0,38.0,0,3,3,2906,0,88,105.56628441810608
10000.0,40.0,0,0,2,2890,0,108,102.67354893684387
10000.0,42.0,0,2,1,2914,0,83,105.5758421421051
10000.0,44.0,0,0,0,2916,0,84,103.81416034698486
10000.0,46.0,0,1,2,2913,0,84,101.47551894187927
10000.0,48.0,0,2,2,2903,0,93,82.31354284286499
10000.0,50.0,0,0,1,2895,0,104,86.2866382598877
10000.0,52.0,0,0,1,2897,0,102,85.86014556884766
10000.0,54.0,0,1,1,2882,0,116,108.15989017486572
10000.0,56.0,0,1,1,2893,0,105,93.6378858089447
10000.0,58.0,0,0,0,2882,0,118,105.51251101493835
10000.0,60.0,0,0,3,2887,0,110,107.86922526359558
10000.0,62.0,0,1,2,2863,0,134,107.12679052352905
10000.0,64.0,0,0,1,2888,0,111,104.2791965007782
10000.0,66.0,0,0,1,2878,0,121,107.02073645591736
10000.0,68.0,0,0,0,2876,0,124,108.1814751625061
10000.0,70.0,0,1,2,2857,0,140,114.72499489784241
10000.0,72.0,0,2,0,2846,0,152,114.08460879325867
10000.0,74.0,0,0,0,2864,0,136,115.30437803268433
10000.0,76.0,0,0,0,2880,0,120,112.89394903182983
10000.0,78.0,0,0,0,2884,0,116,84.06880736351013
10000.0,80.0,0,1,0,2894,0,105,112.30173397064209
10000.0,82.0,0,1,1,2865,0,133,114.74070692062378
10000.0,84.0,0,0,0,2904,0,96,114.1885883808136
10000.0,86.0,0,0,0,2881,0,119,27.714105129241943
10000.0,88.0,0,0,0,2884,0,116,8.074360370635986
10000.0,90.0,0,0,0,2898,0,102,65.97973155975342
10000.0,92.0,0,0,0,2916,0,84,80.59665322303772
10000.0,94.0,0,0,0,2896,0,104,75.29548764228821
10000.0,96.0,0,0,0,2887,0,113,78.31849455833435
10000.0,98.0,0,0,0,2900,0,100,79.52113127708435
10000.0,100.0,0,0,1,2910,0,89,80.81869220733643
15000.0,0.0,123,112,148,2571,0,46,84.0798761844635
15000.0,1.8,103,94,104,2643,0,56,83.58605074882507
15000.0,3.6,65,85,74,2709,0,67,83.55557751655579
15000.0,5.4,26,54,56,2818,0,46,84.72015833854675
15000.0,7.2,16,28,45,2867,0,44,81.09807229042053
15000.0,9.0,12,63,55,2821,0,49,82.11412978172302
15000.0,10.8,20,68,66,2800,0,46,67.9493088722229
15000.0,12.6,13,53,47,2840,0,47,84.38808870315552
15000.0,14.4,7,51,46,2844,0,52,41.87475562095642
15000.0,16.2,7,47,57,2834,0,55,98.73367738723755
15000.0,18.0,5,50,34,2853,0,58,100.79293537139893
15000.0,19.8,2,22,39,2901,0,36,101.4686930179596
15000.0,21.6,0,23,14,2908,0,55,90.54777216911316
15000.0,23.4,1,7,4,2940,0,48,100.50768733024597
15000.0,25.2,0,6,10,2943,0,41,102.42559146881104
15000.0,27.0,0,5,4,2944,0,47,102.01689028739929
15000.0,28.8,0,1,4,2928,0,67,95.38812494277954
15000.0,30.6,0,5,4,2942,0,49,91.24495697021484
15000.0,32.4,0,4,1,2937,0,58,101.07651495933533
15000.0,34.2,0,0,0,2947,0,53,82.7343521118164
15000.0,36.0,0,4,0,2942,0,54,104.8791778087616
15000.0,37.8,0,2,0,2948,0,50,105.7658851146698
15000.0,39.6,0,2,1,2937,0,60,108.19067740440369
15000.0,41.4,0,0,0,2944,0,56,104.57368969917297
15000.0,43.2,0,3,0,2929,0,68,99.14540648460388
15000.0,45.0,0,1,0,2921,0,78,103.85394525527954
15000.0,46.8,0,1,1,2928,0,70,103.3304545879364
15000.0,48.6,0,0,0,2941,0,59,102.23932242393494
15000.0,50.4,0,1,2,2916,0,81,90.62076187133789
15000.0,52.2,0,0,0,2930,0,70,107.85428714752197
15000.0,54.0,0,0,0,2927,0,73,101.27145481109619
15000.0,55.8,0,0,0,2936,0,64,105.98586869239807
15000.0,57.6,0,0,0,2925,0,75,105.7017707824707
15000.0,59.4,0,1,3,2899,0,97,106.21098279953003
15000.0,61.2,0,1,0,2917,0,82,103.50261640548706
15000.0,63.0,0,3,0,2920,0,77,102.62647724151611
15000.0,64.8,0,1,0,2923,0,76,101.88454699516296
15000.0,66.6,0,0,0,2906,0,94,105.42814421653748
15000.0,68.4,0,0,1,2902,0,97,96.5182363986969
15000.0,70.2,0,2,0,2899,0,99,102.97356486320496
15000.0,72.0,0,0,1,2890,0,109,103.95616698265076
15000.0,73.8,0,0,0,2917,0,83,100.4179196357727
15000.0,75.6,0,0,0,2914,0,86,103.85259318351746
15000.0,77.4,0,0,2,2912,0,86,104.86467742919922
15000.0,79.2,0,0,0,2906,0,94,107.31981778144836
15000.0,81.0,0,0,0,2911,0,89,109.01144099235535
15000.0,82.8,0,0,0,2904,0,96,107.57212090492249
15000.0,84.6,0,1,0,2904,0,95,96.92707180976868
15000.0,86.4,0,0,0,2921,0,79,89.67744016647339
15000.0,88.2,0,0,0,2920,0,80,43.753527879714966
15000.0,90.0,0,0,0,2940,0,60,43.149553298950195
20000.0,0.0,118,92,96,2629,0,65,87.45910573005676
20000.0,1.8,96,86,83,2684,0,51,88.781085729599
20000.0,3.6,53,56,66,2757,0,68,87.15175080299377
20000.0,5.4,23,45,42,2822,0,68,89.24331879615784
20000.0,7.2,18,32,40,2872,0,38,87.40438652038574
20000.0,9.0,18,55,49,2822,0,56,71.37640118598938
20000.0,10.8,17,37,50,2837,0,59,86.24882650375366
20000.0,12.6,11,36,22,2875,0,56,85.67398691177368
20000.0,14.4,5,38,49,2836,0,72,17.943649530410767
20000.0,16.2,2,40,50,2823,0,85,62.11732506752014
20000.0,18.0,1,34,26,2886,0,53,71.33889198303223
20000.0,19.8,0,19,13,2892,0,76,95.2502498626709
20000.0,21.6,0,8,11,2920,0,61,98.54080963134766
20000.0,23.4,0,6,10,2931,0,53,100.5045177936554
20000.0,25.2,0,5,6,2931,0,58,98.89714765548706
20000.0,27.0,0,3,6,2926,0,65,96.8695776462555
20000.0,28.8,0,4,1,2896,0,99,100.61926484107971
20000.0,30.6,0,0,0,2932,0,68,100.46854782104492
20000.0,32.4,0,3,1,2927,0,69,80.25343656539917
20000.0,34.2,0,1,1,2927,0,71,108.1558358669281
20000.0,36.0,0,1,3,2908,0,88,104.90444898605347
20000.0,37.8,0,1,2,2922,0,75,109.69730710983276
20000.0,39.6,0,1,0,2918,0,81,108.04903793334961
20000.0,41.4,0,0,1,2913,0,86,112.04296565055847
20000.0,43.2,0,0,1,2913,0,86,109.09349274635315
20000.0,45.0,0,0,0,2901,0,99,96.82459807395935
20000.0,46.8,0,2,0,2916,0,82,100.67074251174927
20000.0,48.6,0,1,1,2875,0,123,104.00227737426758
20000.0,50.4,0,0,1,2904,0,95,105.2597074508667
20000.0,52.2,0,0,0,2894,0,106,105.57000255584717
20000.0,54.0,0,0,0,2875,0,125,106.2744688987732
20000.0,55.8,0,0,2,2888,0,110,96.06783676147461
20000.0,57.6,0,0,1,2903,0,96,104.36947417259216
20000.0,59.4,0,0,0,2897,0,103,94.77593040466309
20000.0,61.2,0,0,2,2874,0,124,97.93906164169312
20000.0,63.0,0,0,1,2874,0,125,87.53976631164551
20000.0,64.8,0,1,0,2901,0,98,111.04067540168762
20000.0,66.6,0,0,0,2877,0,123,111.86138820648193
20000.0,68.4,0,0,0,2903,0,97,112.37865495681763
20000.0,70.2,0,0,0,2885,0,115,115.53583931922913
20000.0,72.0,0,0,0,2891,0,109,114.57970309257507
20000.0,73.8,0,1,0,2903,0,96,99.85387396812439
20000.0,75.6,0,0,1,2900,0,99,108.11012983322144
20000.0,77.4,0,0,0,2892,0,108,98.99947381019592
20000.0,79.2,0,1,0,2898,0,101,109.44204616546631
20000.0,81.0,0,0,1,2908,0,91,94.22702646255493
20000.0,82.8,0,0,0,2905,0,95,105.62625527381897
20000.0,84.6,0,0,0,2916,0,84,110.4372718334198
20000.0,86.4,0,0,0,2932,0,68,110.10673642158508
20000.0,88.2,0,0,0,2919,0,81,83.0050642490387
20000.0,90.0,0,0,0,2909,0,91,57.98379445075989
40000.0,0.0,47,50,39,2809,0,55,66.74461460113525
40000.0,1.7,46,30,38,2800,0,86,84.22916054725647
40000.0,3.4,35,19,21,2851,0,74,82.61281681060791
40000.0,5.1,14,10,15,2887,0,74,75.41830611228943
40000.0,6.8,3,8,9,2904,0,76,74.12692308425903
40000.0,8.5,5,16,17,2886,0,76,84.63191771507263
40000.0,10.2,10,12,15,2886,0,77,84.36786389350891
40000.0,11.9,2,16,10,2903,0,69,84.8927252292633
40000.0,13.6,4,14,28,2866,0,88,40.87105846405029
40000.0,15.3,2,17,21,2896,0,64,56.77805280685425
40000.0,17.0,0,14,12,2876,0,98,49.65047883987427
40000.0,18.7,0,10,6,2898,0,86,66.84484791755676
40000.0,20.4,0,4,2,2903,0,91,74.52529835700989
40000.0,22.1,0,6,3,2911,0,80,93.86331701278687
40000.0,23.8,0,0,2,2917,0,81,90.82519197463989
40000.0,25.5,0,1,3,2909,0,87,98.28325462341309
40000.0,27.2,0,0,1,2899,0,100,87.97694039344788
40000.0,28.9,0,0,2,2893,0,105,79.79865741729736
40000.0,30.6,0,1,0,2885,0,114,90.25734305381775
40000.0,32.3,0,3,3,2887,0,107,80.4667375087738
40000.0,34.0,0,1,3,2892,0,104,82.85445189476013
40000.0,35.7,0,0,1,2891,0,108,91.5050196647644
40000.0,37.4,0,3,3,2866,0,128,86.87672805786133
40000.0,39.1,0,0,1,2860,0,139,91.18550968170166
40000.0,40.8,0,2,1,2862,0,135,67.53962278366089
40000.0,42.5,0,1,0,2864,0,135,100.99262952804565
40000.0,44.2,0,1,2,2869,0,128,100.08447861671448
40000.0,45.9,0,0,0,2880,0,120,97.99773216247559
40000.0,47.6,0,0,0,2859,0,141,104.55115699768066
40000.0,49.3,0,0,0,2852,0,148,86.22005295753479
40000.0,51.0,0,1,0,2844,0,155,63.53699326515198
40000.0,52.7,0,0,3,2826,0,171,77.56499767303467
40000.0,54.4,0,0,0,2869,0,131,93.1357307434082
40000.0,56.1,0,0,0,2855,0,145,106.25827479362488
40000.0,57.8,0,0,2,2880,0,118,107.51459288597107
40000.0,59.5,0,0,1,2884,0,115,100.59759783744812
40000.0,61.2,0,0,0,2881,0,119,103.6552836894989
40000.0,62.9,0,0,0,2876,0,124,85.51071166992188
40000.0,64.6,0,0,1,2896,0,103,89.50541806221008
40000.0,66.3,0,0,0,2881,0,119,78.68151688575745
40000.0,68.0,0,0,0,2913,0,87,95.63552904129028
40000.0,69.7,0,0,0,2908,0,92,86.5372245311737
40000.0,71.4,0,1,1,2887,0,111,105.57352495193481
40000.0,73.1,0,1,0,2913,0,86,103.92374300956726
40000.0,74.8,0,0,1,2935,0,64,107.0529134273529
40000.0,76.5,0,0,0,2896,0,104,101.11918377876282
40000.0,78.2,0,0,0,2913,0,87,93.74636554718018
40000.0,79.9,0,0,0,2931,0,69,92.68591070175171
40000.0,81.6,0,0,0,2932,0,68,54.89420199394226
40000.0,83.3,0,0,0,2939,0,61,55.98848557472229
40000.0,85.0,0,0,0,2929,0,71,26.769091844558716
40000.0,11.9,2,11,10,2910,0,67,15.096527814865112
40000.0,10.2,5,10,13,2884,0,88,15.554892301559448
40000.0,6.8,10,11,21,2899,0,59,17.397671461105347
40000.0,0.0,46,51,44,2783,0,76,18.13167095184326
40000.0,1.7,33,44,38,2819,0,66,17.96760368347168
40000.0,5.1,8,14,10,2903,0,65,18.033210515975952
40000.0,3.4,33,26,24,2838,0,79,18.498595237731934
40000.0,22.1,0,4,4,2896,0,96,11.307475566864014
40000.0,20.4,0,6,7,2891,0,96,11.901546478271484
40000.0,18.7,0,8,11,2892,0,89,12.630679368972778
40000.0,17.0,1,12,15,2887,0,85,13.450338125228882
40000.0,15.3,2,17,15,2886,0,80,14.209274768829346
40000.0,13.6,6,20,9,2896,0,69,14.763150930404663
40000.0,34.0,0,2,1,2891,0,106,8.067615270614624
40000.0,30.6,0,0,1,2883,0,116,8.842105150222778
40000.0,28.9,0,1,1,2899,0,99,9.27771258354187
40000.0,27.2,0,0,1,2894,0,105,9.654158115386963
40000.0,25.5,0,2,1,2915,0,82,10.18520474433899
40000.0,32.3,0,2,0,2888,0,110,8.738981246948242
40000.0,23.8,0,2,4,2900,0,94,10.86173963546753
40000.0,8.5,6,16,19,2874,0,85,16.477566719055176
40000.0,47.6,0,0,1,2849,0,150,6.265509128570557
40000.0,45.9,0,1,1,2862,0,136,6.516041278839111
40000.0,44.2,0,1,1,2848,0,150,6.582924127578735
40000.0,42.5,0,2,1,2876,0,121,6.8428544998168945
40000.0,40.8,0,0,3,2859,0,138,7.031474351882935
40000.0,39.1,0,1,0,2856,0,143,7.34480094909668
40000.0,37.4,0,2,1,2867,0,130,7.546281576156616
40000.0,35.7,0,1,0,2893,0,106,7.911597728729248
40000.0,61.2,0,1,0,2866,0,133,5.213731288909912
40000.0,57.8,0,0,0,2858,0,142,5.293613433837891
40000.0,59.5,0,0,0,2884,0,116,5.2788591384887695
40000.0,56.1,0,0,0,2881,0,119,5.523996353149414
40000.0,52.7,0,1,1,2860,0,138,5.769434690475464
40000.0,54.4,0,0,0,2888,0,112,5.662665367126465
40000.0,51.0,0,0,0,2873,0,127,5.839683532714844
40000.0,49.3,0,1,0,2851,0,148,5.988352060317993
40000.0,74.8,0,0,0,2923,0,77,4.475821256637573
40000.0,68.0,0,0,0,2895,0,105,4.7839035987854
40000.0,64.6,0,1,0,2897,0,102,4.852149963378906
40000.0,66.3,0,0,0,2901,0,99,4.824160575866699
40000.0,71.4,0,0,0,2913,0,87,4.589512586593628
40000.0,73.1,0,0,0,2917,0,83,4.5609962940216064
40000.0,69.7,0,0,0,2913,0,87,4.685176610946655
40000.0,62.9,0,1,0,2872,0,127,5.048687219619751
40000.0,79.9,0,0,0,2921,0,79,4.088756084442139
40000.0,81.6,0,1,0,2922,0,77,4.154884099960327
40000.0,83.3,1,0,0,2937,0,62,4.046916246414185
40000.0,85.0,0,0,0,2920,0,80,3.8835294246673584
40000.0,78.2,0,1,0,2903,0,96,4.225234508514404
40000.0,76.5,0,0,1,2926,0,73,4.349566459655762
65000.0,0.0,48,19,18,2862,0,53,89.72880482673645
65000.0,1.5,24,18,15,2884,0,59,89.17906737327576
65000.0,3.0,16,12,12,2913,0,47,90.20649147033691
65000.0,4.5,11,3,8,2925,0,53,91.20182609558105
65000.0,6.0,5,3,4,2935,0,53,87.22814345359802
65000.0,7.5,1,10,14,2926,0,49,71.01891231536865
65000.0,9.0,3,10,5,2934,0,48,90.65973377227783
65000.0,10.5,5,8,8,2931,0,48,92.04718041419983
65000.0,12.0,2,3,6,2926,0,63,68.68951320648193
65000.0,13.5,3,10,9,2929,0,49,94.21071124076843
65000.0,15.0,1,8,9,2931,0,51,95.67454409599304
65000.0,16.5,0,11,7,2922,0,60,104.9626452922821
65000.0,18.0,0,6,6,2927,0,61,102.55024361610413
65000.0,19.5,0,0,1,2936,0,63,104.74229955673218
65000.0,21.0,0,1,0,2950,0,49,99.13232755661011
65000.0,22.5,0,0,0,2931,0,69,103.53198480606079
65000.0,24.0,0,3,1,2934,0,62,94.5465841293335
65000.0,25.5,0,1,1,2937,0,61,100.19015598297119
65000.0,27.0,0,0,0,2923,0,77,92.69843673706055
65000.0,28.5,0,2,1,2926,0,71,105.36849355697632
65000.0,30.0,0,1,3,2953,0,43,106.44194459915161
65000.0,31.5,0,1,1,2922,0,76,93.60424709320068
65000.0,33.0,0,1,0,2935,0,64,107.76015305519104
65000.0,34.5,0,0,1,2933,0,66,108.56738615036011
65000.0,36.0,0,0,1,2901,0,98,101.14613795280457
65000.0,37.5,0,0,0,2918,0,82,100.8605706691742
65000.0,39.0,0,0,0,2913,0,87,94.99853038787842
65000.0,40.5,0,0,0,2903,0,97,97.92635369300842
65000.0,42.0,0,0,1,2912,0,87,107.68102765083313
65000.0,43.5,0,0,0,2914,0,86,108.4013319015503
65000.0,45.0,0,2,0,2888,0,110,86.38398385047913
65000.0,46.5,0,0,0,2889,0,111,110.06473588943481
65000.0,48.0,0,0,2,2905,0,93,92.96949315071106
65000.0,49.5,0,0,0,2897,0,103,99.09098386764526
65000.0,51.0,0,0,0,2894,0,106,110.7353904247284
65000.0,52.5,0,0,1,2916,0,83,112.65021300315857
65000.0,54.0,0,0,0,2916,0,84,111.22502565383911
65000.0,55.5,0,0,0,2899,0,101,100.11625266075134
65000.0,57.0,0,0,1,2914,0,85,108.5001757144928
65000.0,58.5,0,0,0,2910,0,90,110.48686122894287
65000.0,60.0,0,1,0,2921,0,78,106.19600176811218
65000.0,61.5,0,0,1,2919,0,80,99.78358340263367
65000.0,63.0,0,0,0,2918,0,82,110.98877620697021
65000.0,64.5,0,0,0,2927,0,73,111.67622303962708
65000.0,66.0,0,0,0,2943,0,57,107.1542112827301
65000.0,67.5,0,0,0,2938,0,62,107.98267698287964
65000.0,69.0,0,0,0,2931,0,69,92.903391122818
65000.0,70.5,0,0,0,2938,0,62,103.91678929328918
65000.0,72.0,0,0,0,2934,0,66,91.7695517539978
65000.0,73.5,0,0,0,2934,0,66,59.29863739013672
65000.0,75.0,0,0,0,2942,0,58,42.05738544464111
0.1,200.0,1,193,196,2554,0,56,195.07033467292786
0.1,160.0,2,225,219,2509,0,45,210.82377791404724
0.1,80.0,2,237,239,2478,0,44,213.02168154716492
0.1,120.0,2,214,236,2511,0,37,220.19523191452026
0.1,240.0,5,230,238,2486,0,41,241.6825225353241
0.1,0.0,0,425,442,2071,0,62,250.4206669330597
0.1,40.0,2,317,334,2304,0,43,277.27073979377747
0.1,280.0,5,240,263,2452,0,40,299.05629897117615
0.1,520.0,0,29,35,2884,0,52,63.685402631759644
0.1,440.0,0,74,93,2787,0,46,96.58203911781311
0.1,560.0,0,3,18,2928,0,51,41.62565588951111
0.1,400.0,0,127,113,2712,0,48,106.62878775596619
0.1,480.0,1,54,44,2851,0,50,89.11349582672119
0.1,600.0,0,7,5,2941,0,47,29.25150418281555
0.1,680.0,0,2,4,2940,0,54,36.8337025642395
0.1,720.0,0,3,2,2951,0,44,38.35417580604553
0.1,760.0,0,1,1,2936,0,62,43.281617641448975
0.1,840.0,0,1,2,2937,0,60,40.83861422538757
0.1,640.0,0,6,2,2949,0,43,78.72452020645142
0.1,800.0,0,2,1,2946,0,51,51.22991371154785
0.1,320.0,4,239,220,2488,0,49,231.95855593681335
0.1,360.0,1,229,207,2514,0,49,217.59602880477905
0.1,920.0,0,0,0,2946,0,54,52.43231439590454
0.1,960.0,0,1,2,2931,0,66,64.42063045501709
0.1,880.0,0,0,1,2937,0,62,69.37320876121521
0.1,1040.0,0,0,1,2933,0,66,87.3928759098053
0.1,1120.0,0,0,0,2908,0,92,90.42506432533264
0.1,1000.0,0,2,1,2940,0,57,93.8826916217804
0.1,1080.0,0,0,1,2935,0,64,95.98004794120789
0.1,1160.0,0,0,0,2928,0,72,84.60040068626404
0.1,1200.0,0,1,0,2918,0,81,89.08955097198486
0.1,1240.0,0,0,0,2922,0,78,81.04129481315613
0.1,1280.0,0,0,1,2905,0,94,83.01936292648315
0.1,1320.0,0,0,0,2905,0,95,70.51893782615662
0.1,1480.0,0,1,0,2913,0,86,93.40015578269958
0.1,1440.0,0,0,1,2902,0,97,98.59582829475403
0.1,1400.0,0,0,1,2892,0,107,100.61103367805481
0.1,1360.0,0,0,0,2900,0,100,103.40331149101257
0.1,1520.0,0,1,1,2920,0,78,79.6099374294281
0.1,1600.0,0,1,0,2916,0,83,86.64730978012085
0.1,1560.0,0,0,0,2908,0,92,91.06459665298462
0.1,1640.0,0,0,0,2899,0,101,63.63644027709961
0.1,1880.0,0,0,1,2932,0,67,89.33372926712036
0.1,1720.0,0,0,1,2929,0,70,98.3362500667572
0.1,1760.0,0,1,2,2911,0,86,103.05113673210144
0.1,1800.0,0,0,0,2921,0,79,104.40349674224854
0.1,1680.0,0,0,0,2903,0,97,104.47600650787354
0.1,1840.0,0,0,1,2918,0,81,104.74920797348022
0.1,1920.0,0,0,0,2928,0,72,83.66807246208191
0.1,1960.0,0,0,0,2939,0,61,84.08545327186584
0.1,2000.0,0,0,0,2952,0,48,7.2609803676605225
0.0001,630.0,0,219,220,2210,0,351,191.66142797470093
0.0001,540.0,0,237,246,2163,0,354,193.02650499343872
0.0001,270.0,0,246,243,2172,0,339,197.80814003944397
0.0001,360.0,0,227,235,2221,0,317,203.80117464065552
0.0001,450.0,0,217,235,2207,0,341,208.8264865875244
0.0001,90.0,0,337,318,1979,0,366,206.7853925228119
0.0001,180.0,0,269,298,2048,0,385,213.9230511188507
0.0001,0.0,0,377,346,1926,0,351,223.5874617099762
0.0001,810.0,0,194,204,2254,0,348,198.78950548171997
0.0001,900.0,0,209,202,2228,0,361,201.6532826423645
0.0001,1170.0,0,178,195,2260,0,367,186.49390149116516
0.0001,720.0,0,227,219,2235,0,319,217.7626736164093
0.0001,1350.0,0,217,212,2212,0,359,191.41093730926514
0.0001,990.0,0,211,204,2200,0,385,222.07109546661377
0.0001,1080.0,0,209,221,2227,0,343,197.88560271263123
0.0001,1260.0,0,204,228,2208,0,360,206.50693583488464
0.0001,1980.0,0,184,195,2207,0,414,173.02646446228027
0.0001,1440.0,0,223,243,2162,0,372,206.2269275188446
0.0001,1890.0,0,244,228,2141,0,387,180.61272263526917
0.0001,1530.0,0,238,240,2177,0,345,223.92562866210938
0.0001,2070.0,0,174,180,2197,0,449,202.31116461753845
0.0001,1620.0,0,252,254,2114,0,380,217.34015035629272
0.0001,1800.0,1,226,250,2137,0,386,221.78228163719177
0.0001,1710.0,1,215,286,2110,0,388,265.14447712898254
0.0001,2520.0,0,46,57,2431,0,466,57.79892706871033
0.0001,2250.0,0,112,95,2371,0,422,101.6639666557312
0.0001,2700.0,0,29,26,2467,0,478,46.99634408950806
0.0001,2340.0,0,75,80,2374,0,471,80.97518467903137
0.0001,2430.0,0,63,79,2391,0,467,118.7005980014801
0.0001,2790.0,0,28,26,2458,0,488,55.775184631347656
0.0001,2880.0,0,18,16,2479,0,487,40.76807999610901
0.0001,2970.0,0,7,12,2483,0,498,45.66779327392578
0.0001,3150.0,0,6,5,2472,0,517,46.21615123748779
0.0001,2160.0,0,127,136,2274,0,463,169.50209760665894
0.0001,3060.0,0,13,12,2474,0,501,49.567941427230835
0.0001,2610.0,0,45,44,2448,0,463,110.99087381362915
0.0001,3240.0,0,5,2,2491,0,502,68.52998447418213
0.0001,3510.0,0,1,3,2514,0,482,82.14163517951965
0.0001,3600.0,0,0,2,2481,0,517,82.40509128570557
0.0001,3780.0,0,1,1,2472,0,526,83.09214115142822
0.0001,3690.0,0,0,4,2458,0,538,83.80175352096558
0.0001,3330.0,0,0,1,2499,0,500,83.90615892410278
0.0001,3870.0,0,2,0,2474,0,524,83.98364305496216
0.0001,3420.0,0,0,0,2474,0,526,82.81142282485962
0.0001,4050.0,0,1,1,2455,0,543,16.644375562667847
0.0001,3960.0,0,0,0,2450,0,550,17.045157432556152
0.0001,4140.0,0,0,0,2493,0,507,39.52181267738342
0.0001,4230.0,0,1,1,2499,0,499,49.11911487579346
0.0001,4410.0,0,0,0,2516,0,484,49.22631859779358
0.0001,4500.0,0,1,0,2490,0,509,49.70712161064148
0.0001,4320.0,0,1,2,2477,0,520,49.81889891624451