e,b,n12,n23,n31,nd,nc,rej,time
1.0,10.0,422,464,488,28625,0,1,2560.60058093071
1.0,8.0,412,530,508,28548,0,2,2582.166498184204
1.0,12.0,410,484,506,28599,0,1,2585.0887875556946
1.0,6.0,382,600,566,28449,0,3,2694.8827352523804
1.0,14.0,441,427,421,28709,0,2,2768.264009952545
1.0,4.0,383,646,671,28299,0,1,2916.1299822330475
1.0,2.0,392,770,756,28081,0,1,3145.8458437919617
1.0,0.0,411,816,814,27958,0,1,3252.3307106494904
1.0,24.0,304,317,295,29083,0,1,2266.1401178836823
1.0,30.0,236,196,208,29355,0,5,1818.6932423114777
1.0,22.0,321,356,359,28960,0,4,2444.858972787857
1.0,20.0,363,390,388,28856,0,3,2591.1207852363586
1.0,26.0,287,322,292,29099,0,0,2293.1734759807587
1.0,18.0,374,441,434,28750,0,1,2656.663660287857
1.0,28.0,283,272,257,29186,0,2,2129.3841259479523
1.0,16.0,413,408,470,28709,0,0,2748.8919847011566
1.0,46.0,31,32,28,29907,0,2,390.051917552948
1.0,44.0,24,61,51,29862,0,2,495.2114064693451
1.0,42.0,47,72,57,29824,0,0,626.3702595233917
1.0,48.0,7,12,19,29961,0,1,307.43047857284546
1.0,40.0,84,69,75,29770,0,2,828.0378160476685
1.0,50.0,7,9,8,29973,0,3,258.56120133399963
1.0,52.0,8,6,9,29976,0,1,259.91563963890076
1.0,38.0,160,103,99,29635,0,3,1020.0605700016022
1.0,58.0,4,1,4,29991,0,0,207.7130835056305
1.0,54.0,12,3,6,29977,0,2,245.20208501815796
1.0,60.0,3,1,3,29992,0,1,155.71476697921753
1.0,62.0,1,1,1,29996,0,1,149.07197976112366
1.0,56.0,6,0,5,29989,0,0,328.5326223373413
1.0,36.0,191,92,141,29575,0,1,1261.5759184360504
1.0,66.0,0,1,0,29997,0,2,144.9436812400818
1.0,64.0,1,0,0,29997,0,2,171.05403971672058
1.0,34.0,216,132,148,29503,0,1,1360.1566050052643
1.0,68.0,1,0,2,29994,0,3,148.53561878204346
1.0,70.0,0,0,0,29998,0,2,127.22956609725952
1.0,72.0,0,0,2,29998,0,0,141.75282454490662
1.0,74.0,0,1,0,29997,0,2,120.63039994239807
1.0,78.0,0,0,0,30000,0,0,112.95366144180298
1.0,76.0,0,1,0,29998,0,1,130.53254985809326
1.0,80.0,0,0,0,29998,0,2,129.3650140762329
1.0,82.0,1,0,0,29999,0,0,128.47663474082947
1.0,84.0,0,1,0,29998,0,1,105.28149890899658
1.0,32.0,235,165,186,29408,0,6,1575.8597128391266
1.0,86.0,0,0,0,29997,0,3,102.33505749702454
1.0,88.0,0,0,0,30000,0,0,100.44270825386047
1.0,90.0,0,1,0,29998,0,1,98.03912401199341
1.0,94.0,0,0,0,29997,0,3,94.71603202819824
1.0,92.0,0,0,2,29996,0,2,97.20574069023132
1.0,96.0,0,0,0,29998,0,2,93.11821484565735
1.0,98.0,0,0,1,29996,0,3,91.7323579788208
1.0,100.0,0,0,1,29999,0,0,91.59646415710449
50.0,14.0,166,101,116,29617,0,0,1322.4940533638
50.0,12.0,191,140,122,29547,0,0,1362.8085491657257
50.0,10.0,208,172,160,29459,0,1,1416.0000112056732
50.0,6.0,230,226,227,29317,0,0,1532.2054102420807
50.0,4.0,243,258,303,29196,0,0,1706.9885120391846
50.0,2.0,211,360,350,29079,0,0,1723.985848903656
50.0,8.0,281,188,196,29335,0,0,1759.7752261161804
50.0,0.0,252,378,388,28982,0,0,1776.5839698314667
50.0,30.0,2,1,0,29997,0,0,164.220867395401
50.0,26.0,8,3,1,29987,0,1,223.56669855117798
50.0,22.0,32,21,19,29928,0,0,421.28841376304626
50.0,28.0,4,2,2,29992,0,0,189.12293338775635
50.0,24.0,16,14,12,29958,0,0,302.4895577430725
50.0,20.0,75,33,32,29860,0,0,633.9220852851868
50.0,38.0,0,0,0,30000,0,0,94.82706308364868
50.0,32.0,0,0,0,30000,0,0,112.07722902297974
50.0,34.0,0,1,0,29999,0,0,115.65121793746948
50.0,36.0,0,0,0,30000,0,0,122.15596556663513
50.0,40.0,0,0,0,29999,0,1,91.85909271240234
50.0,48.0,0,0,0,30000,0,0,77.93557381629944
50.0,44.0,0,0,0,30000,0,0,89.41437602043152
50.0,46.0,0,0,0,30000,0,0,81.63772821426392
50.0,42.0,0,0,0,30000,0,0,100.15560150146484
50.0,50.0,0,0,0,30000,0,0,74.94833517074585
50.0,52.0,0,0,0,29999,0,1,73.97682738304138
50.0,18.0,107,71,50,29772,0,0,835.5956692695618
50.0,58.0,0,0,0,30000,0,0,67.92566084861755
50.0,56.0,0,0,0,29999,0,1,69.66934275627136
50.0,54.0,0,0,0,29998,0,2,72.50495409965515
50.0,62.0,0,0,0,29999,0,1,64.6498954296112
50.0,60.0,0,0,0,30000,0,0,65.82004499435425
50.0,64.0,0,0,0,29999,0,1,62.35535502433777
50.0,66.0,0,0,0,30000,0,0,61.949257135391235
50.0,68.0,0,0,1,29999,0,0,60.87401986122131
50.0,74.0,0,0,0,30000,0,0,56.640976428985596
50.0,72.0,0,0,0,30000,0,0,58.38656234741211
50.0,70.0,0,0,0,30000,0,0,59.02324819564819
50.0,76.0,0,0,0,30000,0,0,55.98329734802246
50.0,78.0,0,0,0,30000,0,0,54.75818490982056
50.0,80.0,0,0,0,30000,0,0,53.93130135536194
50.0,86.0,0,0,0,30000,0,0,51.03343987464905
50.0,84.0,0,0,0,30000,0,0,52.41513776779175
50.0,82.0,0,0,0,30000,0,0,53.450254917144775
50.0,88.0,0,0,0,30000,0,0,50.98909783363342
50.0,90.0,0,0,0,30000,0,0,49.824562072753906
50.0,92.0,0,0,0,30000,0,0,49.67631125450134
50.0,94.0,0,0,0,30000,0,0,48.516807556152344
50.0,100.0,0,0,0,30000,0,0,46.78540277481079
50.0,98.0,0,0,0,29999,0,1,47.20721244812012
50.0,96.0,0,0,0,30000,0,0,47.77362251281738
50.0,16.0,160,81,82,29677,0,0,1180.8252959251404
100.0,5.0,242,163,175,29420,0,0,1206.289977312088
100.0,7.0,244,143,140,29473,0,0,1228.2936248779297
100.0,6.0,248,170,171,29411,0,0,1279.0426852703094
100.0,4.0,256,190,169,29384,0,1,1363.2932314872742
100.0,2.0,229,272,295,29204,0,0,1407.8857126235962
100.0,3.0,245,210,224,29321,0,0,1418.0594608783722
100.0,0.0,255,338,359,29048,0,0,1475.3042168617249
100.0,1.0,222,331,315,29132,0,0,1483.7842898368835
100.0,15.0,115,62,55,29768,0,0,821.6846785545349
100.0,10.0,153,99,111,29637,0,0,1083.0407230854034
100.0,12.0,160,90,83,29667,0,0,979.7275969982147
100.0,11.0,162,109,89,29640,0,0,1076.2392587661743
100.0,9.0,210,132,136,29522,0,0,1232.0002896785736
100.0,8.0,240,118,156,29485,0,1,1274.842619419098
100.0,13.0,139,62,72,29727,0,0,1069.5796856880188
100.0,14.0,133,54,59,29754,0,0,1050.7529828548431
100.0,22.0,9,9,10,29971,0,1,207.30466985702515
100.0,23.0,7,5,5,29983,0,0,217.4914951324463
100.0,21.0,16,16,19,29949,0,0,307.41444182395935
100.0,20.0,25,14,19,29942,0,0,357.7375679016113
100.0,24.0,2,0,2,29996,0,0,164.49983143806458
100.0,19.0,45,23,18,29914,0,0,426.05681014060974
100.0,25.0,1,2,2,29995,0,0,146.3777129650116
100.0,18.0,73,14,26,29887,0,0,569.2580418586731
100.0,27.0,1,1,2,29996,0,0,159.29697179794312
100.0,28.0,0,0,0,29999,0,1,109.688725233078
100.0,29.0,0,1,0,29998,0,1,104.67088150978088
100.0,17.0,88,27,30,29855,0,0,625.5737056732178
100.0,30.0,0,0,1,29999,0,0,103.25211191177368
100.0,26.0,5,2,1,29992,0,0,212.7520411014557
100.0,31.0,0,0,0,30000,0,0,103.63268494606018
100.0,34.0,0,0,0,30000,0,0,90.41016674041748
100.0,16.0,105,53,41,29801,0,0,777.4619014263153
100.0,32.0,0,0,0,30000,0,0,94.90274548530579
100.0,35.0,0,0,0,30000,0,0,89.46383881568909
100.0,33.0,1,0,0,29999,0,0,96.36462116241455
100.0,37.0,0,0,0,30000,0,0,84.99679279327393
100.0,36.0,0,0,0,30000,0,0,87.92425751686096
100.0,38.0,0,0,0,29999,0,1,82.96220970153809
100.0,40.0,0,0,0,30000,0,0,79.49804186820984
100.0,43.0,0,0,0,30000,0,0,75.39622139930725
100.0,42.0,0,0,0,30000,0,0,76.28037691116333
100.0,41.0,0,0,0,29999,0,1,77.71548080444336
100.0,39.0,0,0,0,29999,0,1,82.02748036384583
100.0,45.0,0,0,0,30000,0,0,72.96914148330688
100.0,44.0,0,0,0,30000,0,0,74.32805275917053
100.0,48.0,0,0,0,29999,0,1,68.87765145301819
100.0,49.0,0,0,0,29999,0,1,69.25083494186401
100.0,47.0,0,0,0,29999,0,1,70.71459579467773
100.0,46.0,0,0,0,29999,0,1,71.76781058311462
100.0,50.0,0,0,0,29999,0,1,67.25741267204285
200.0,6.0,181,119,123,29577,0,0,842.7993817329407
200.0,7.0,174,93,86,29647,0,0,849.113208770752
200.0,5.0,210,126,105,29559,0,0,911.6928334236145
200.0,4.0,217,109,123,29550,0,1,912.3662407398224
200.0,2.0,193,173,198,29436,0,0,922.710688829422
200.0,3.0,197,151,160,29492,0,0,933.0937132835388
200.0,1.0,187,235,242,29336,0,0,960.4719774723053
200.0,0.0,227,235,217,29321,0,0,1030.031751871109
200.0,13.0,89,44,35,29832,0,0,695.9332656860352
200.0,12.0,120,46,40,29794,0,0,765.851639509201
200.0,9.0,134,87,73,29706,0,0,836.4585711956024
200.0,10.0,131,63,55,29751,0,0,795.6621201038361
200.0,8.0,127,93,103,29677,0,0,932.6941890716553
200.0,15.0,83,16,21,29880,0,0,767.2978551387787
200.0,14.0,70,30,36,29864,0,0,860.6052687168121
200.0,19.0,6,9,5,29979,0,1,210.6900498867035
200.0,11.0,155,51,50,29744,0,0,1032.5913622379303
200.0,21.0,4,1,1,29994,0,0,148.35022068023682
200.0,20.0,12,4,5,29979,0,0,190.97447848320007
200.0,22.0,5,0,1,29993,0,1,152.8764820098877
200.0,18.0,26,6,10,29958,0,0,327.3710527420044
200.0,23.0,0,0,2,29998,0,0,115.03839230537415
200.0,25.0,0,1,1,29998,0,0,103.16699552536011
200.0,24.0,1,0,0,29999,0,0,113.80893445014954
200.0,27.0,0,0,1,29999,0,0,97.61807441711426
200.0,26.0,0,1,0,29998,0,1,112.33546423912048
200.0,17.0,40,5,10,29945,0,0,441.70842576026917
200.0,28.0,1,0,0,29999,0,0,123.82567524909973
200.0,29.0,0,0,0,30000,0,0,90.59373116493225
200.0,16.0,63,27,11,29899,0,0,512.7355852127075
200.0,31.0,0,0,0,30000,0,0,85.07292318344116
200.0,30.0,0,0,1,29999,0,0,88.45697212219238
200.0,32.0,0,0,0,30000,0,0,83.3978807926178
200.0,33.0,0,0,0,30000,0,0,81.50030827522278
200.0,34.0,0,0,0,29999,0,1,79.68448376655579
200.0,36.0,0,0,0,29999,0,1,75.90623307228088
200.0,35.0,0,0,0,30000,0,0,78.29568123817444
200.0,37.0,0,0,0,30000,0,0,74.72740912437439
200.0,39.0,0,0,0,30000,0,0,72.93120431900024
200.0,38.0,0,0,0,30000,0,0,73.91412210464478
200.0,40.0,0,0,0,30000,0,0,70.5178108215332
200.0,41.0,0,1,0,29999,0,0,69.2340567111969
200.0,43.0,0,0,0,30000,0,0,68.06304597854614
200.0,42.0,0,0,0,30000,0,0,68.34232687950134
200.0,45.0,0,0,0,30000,0,0,64.99224472045898
200.0,44.0,0,0,0,30000,0,0,65.79693508148193
200.0,47.0,0,0,0,30000,0,0,62.93048405647278
200.0,46.0,0,0,0,30000,0,0,64.13489985466003
200.0,48.0,0,0,0,30000,0,0,62.5204815864563
200.0,49.0,0,0,0,30000,0,0,60.71093440055847
200.0,50.0,0,0,0,30000,0,0,60.73571848869324
300.0,6.0,127,62,70,29741,0,0,630.815178155899
300.0,5.0,143,83,72,29702,0,0,648.3403806686401
300.0,4.0,172,93,71,29664,0,0,689.2810244560242
300.0,2.0,168,120,132,29580,0,0,724.875084400177
300.0,3.0,188,73,93,29646,0,0,745.5498421192169
300.0,7.0,118,68,68,29746,0,0,754.7089745998383
300.0,1.0,183,174,188,29455,0,0,766.345294713974
300.0,0.0,212,167,144,29477,0,0,827.8425035476685
300.0,15.0,60,13,11,29916,0,0,435.28356552124023
300.0,8.0,115,56,70,29759,0,0,677.9236540794373
300.0,14.0,71,20,13,29895,0,1,545.8701975345612
300.0,9.0,104,36,43,29817,0,0,716.5434539318085
300.0,10.0,115,38,25,29822,0,0,693.9114227294922
300.0,12.0,71,24,33,29872,0,0,655.8670089244843
300.0,11.0,106,37,36,29821,0,0,690.786182641983
300.0,13.0,68,27,39,29866,0,0,708.3152163028717
300.0,19.0,2,5,2,29991,0,0,159.13338804244995
300.0,23.0,1,0,0,29999,0,0,102.80341362953186
300.0,17.0,21,5,8,29966,0,0,285.98254227638245
300.0,22.0,3,0,0,29997,0,0,180.2693817615509
300.0,21.0,1,0,0,29999,0,0,206.91330885887146
300.0,20.0,5,2,0,29993,0,0,235.8654706478119
300.0,18.0,9,6,2,29982,0,1,305.4372298717499
300.0,24.0,1,0,1,29998,0,0,101.3288083076477
300.0,25.0,0,0,1,29999,0,0,93.49755501747131
300.0,16.0,36,8,11,29945,0,0,390.8553056716919
300.0,27.0,0,0,0,30000,0,0,89.08538174629211
300.0,26.0,0,0,0,30000,0,0,91.55215501785278
300.0,28.0,0,0,0,30000,0,0,86.44682264328003
300.0,30.0,0,0,0,30000,0,0,81.23976755142212
300.0,31.0,0,0,0,30000,0,0,79.24460005760193
300.0,29.0,0,0,0,29999,0,1,97.76633882522583
300.0,33.0,0,0,0,30000,0,0,74.9620566368103
300.0,32.0,0,0,0,30000,0,0,77.55713748931885
300.0,34.0,0,0,0,30000,0,0,73.54706597328186
300.0,36.0,0,0,0,30000,0,0,71.17961502075195
300.0,35.0,0,0,0,30000,0,0,71.99445867538452
300.0,37.0,0,0,0,29999,0,1,69.24024534225464
300.0,39.0,0,0,0,30000,0,0,67.80885934829712
300.0,38.0,0,0,0,30000,0,0,68.50850558280945
300.0,41.0,0,0,1,29999,0,0,65.68766784667969
300.0,40.0,0,0,0,30000,0,0,66.07156133651733
300.0,44.0,0,0,0,30000,0,0,62.01013398170471
300.0,43.0,0,0,0,30000,0,0,62.38559341430664
300.0,42.0,0,0,0,30000,0,0,63.76902198791504
300.0,45.0,0,0,0,30000,0,0,59.88359093666077
300.0,47.0,0,0,0,30000,0,0,59.68348813056946
300.0,46.0,0,0,0,30000,0,0,59.7935996055603
300.0,48.0,0,0,0,30000,0,0,58.09736943244934
300.0,49.0,0,0,0,30000,0,0,57.441606521606445
300.0,50.0,0,0,0,30000,0,0,55.70069670677185
500.0,4.2,108,50,33,29809,0,0,425.6562385559082
500.0,2.8,99,47,47,29807,0,0,442.2245469093323
500.0,3.5,144,50,39,29767,0,0,459.6088306903839
500.0,0.0,146,78,96,29680,0,0,477.72355556488037
500.0,0.7,134,82,83,29701,0,0,480.6565079689026
500.0,4.9,117,35,36,29812,0,0,481.40910291671753
500.0,2.1,132,48,64,29756,0,0,482.71218705177307
500.0,1.4,126,66,75,29733,0,0,489.2233898639679
500.0,5.6,101,20,42,29837,0,0,465.78454518318176
500.0,7.0,83,39,21,29857,0,0,491.2573940753937
500.0,6.3,96,34,40,29830,0,0,512.6444091796875
500.0,7.7,80,19,18,29883,0,0,498.4916844367981
500.0,8.4,79,9,13,29899,0,0,520.0861124992371
500.0,10.5,86,11,13,29889,0,1,608.5137362480164
500.0,9.8,83,16,7,29894,0,0,709.1278326511383
500.0,9.1,85,13,8,29893,0,1,743.851466178894
500.0,13.3,45,1,2,29952,0,0,392.68416810035706
500.0,14.0,49,7,2,29942,0,0,414.39391803741455
500.0,12.6,48,4,11,29937,0,0,488.42817783355713
500.0,11.2,74,13,18,29895,0,0,555.3441047668457
500.0,14.7,32,3,4,29961,0,0,387.6480486392975
500.0,15.4,26,4,4,29966,0,0,334.40780758857727
500.0,16.1,13,1,2,29984,0,0,332.06077551841736
500.0,11.9,44,9,14,29933,0,0,610.4621033668518
500.0,16.8,9,1,1,29989,0,0,191.6650071144104
500.0,18.2,1,1,2,29996,0,0,128.97692942619324
500.0,17.5,2,1,2,29995,0,0,170.02824354171753
500.0,18.9,1,1,0,29998,0,0,132.0483479499817
500.0,20.3,0,0,0,30000,0,0,100.78080010414124
500.0,21.0,0,0,0,30000,0,0,98.17794847488403
500.0,21.7,0,0,0,30000,0,0,95.28893446922302
500.0,22.4,0,0,0,30000,0,0,93.05949902534485
500.0,23.1,0,0,0,30000,0,0,90.70225071907043
500.0,24.5,0,0,0,30000,0,0,86.66579961776733
500.0,23.8,0,0,0,30000,0,0,89.43621230125427
500.0,19.6,0,1,0,29999,0,0,214.35672116279602
500.0,25.2,0,0,0,30000,0,0,85.0837652683258
500.0,27.3,0,0,0,30000,0,0,78.60257172584534
500.0,26.6,0,0,0,30000,0,0,81.27949285507202
500.0,28.0,0,0,0,30000,0,0,77.80774998664856
500.0,25.9,0,0,0,30000,0,0,82.58649778366089
500.0,29.4,0,0,0,30000,0,0,75.74096345901489
500.0,28.7,0,0,0,30000,0,0,76.3357105255127
500.0,30.1,0,0,0,30000,0,0,74.10142493247986
500.0,30.8,0,0,0,30000,0,0,72.98019218444824
500.0,33.6,0,0,0,29999,0,1,67.7902889251709
500.0,32.9,0,0,0,30000,0,0,69.5212631225586
500.0,32.2,0,0,0,30000,0,0,69.81432318687439
500.0,31.5,0,0,0,30000,0,0,71.98210716247559
500.0,35.0,0,0,0,30000,0,0,66.17792868614197
500.0,34.3,0,0,0,30000,0,0,67.52995133399963
1000.0,1.0,43,29,23,29905,0,0,223.88664484024048
1000.0,0.0,43,31,22,29904,0,0,233.42520713806152
1000.0,1.5,53,24,26,29897,0,0,233.50512742996216
1000.0,3.5,52,16,14,29918,0,0,247.1704502105713
1000.0,0.5,59,30,33,29878,0,0,252.65559220314026
1000.0,2.5,51,16,17,29916,0,0,254.08878207206726
1000.0,3.0,52,14,14,29920,0,0,258.7938711643219
1000.0,2.0,44,26,20,29910,0,0,258.5679910182953
1000.0,4.5,32,12,11,29945,0,0,272.74474835395813
1000.0,4.0,40,10,12,29938,0,0,289.82108330726624
1000.0,6.0,38,16,16,29929,0,1,336.25465965270996
1000.0,5.0,52,14,15,29919,0,0,348.2276225090027
1000.0,6.5,37,11,14,29938,0,0,340.6220338344574
1000.0,5.5,34,12,23,29931,0,0,403.13351488113403
1000.0,7.0,30,4,6,29960,0,0,413.2035961151123
1000.0,7.5,51,6,8,29935,0,0,469.3075850009918
1000.0,8.0,35,1,4,29960,0,0,428.0506992340088
1000.0,8.5,29,4,11,29956,0,0,451.1344540119171
1000.0,10.0,32,1,3,29964,0,0,385.0492298603058
1000.0,9.5,47,4,6,29943,0,0,496.76763558387756
1000.0,10.5,44,8,5,29943,0,0,437.45969104766846
1000.0,9.0,63,3,6,29928,0,0,531.909895658493
1000.0,11.0,25,3,3,29969,0,0,459.4093701839447
1000.0,11.5,14,3,1,29982,0,0,458.1017005443573
1000.0,12.0,10,0,0,29990,0,0,278.66530585289
1000.0,15.5,1,0,0,29999,0,0,110.4943859577179
1000.0,12.5,11,0,2,29987,0,0,334.8802418708801
1000.0,15.0,1,0,0,29999,0,0,181.10381031036377
1000.0,13.5,3,0,0,29997,0,0,246.4694573879242
1000.0,16.0,0,0,1,29999,0,0,106.70745015144348
1000.0,17.0,0,0,0,30000,0,0,102.27088379859924
1000.0,14.5,0,0,0,30000,0,0,283.1873428821564
1000.0,17.5,0,0,0,30000,0,0,99.94566011428833
1000.0,14.0,2,0,0,29998,0,0,328.4925208091736
1000.0,13.0,8,1,0,29991,0,0,450.4170563220978
1000.0,18.5,0,0,0,30000,0,0,95.31284403800964
1000.0,18.0,0,0,0,30000,0,0,96.86254811286926
1000.0,20.0,0,0,0,30000,0,0,87.9758448600769
1000.0,19.5,0,0,0,30000,0,0,91.06306457519531
1000.0,19.0,0,0,0,30000,0,0,93.43847727775574
1000.0,16.5,0,0,0,30000,0,0,248.98767971992493
1500.0,1.5,16,18,10,29956,0,0,184.78360748291016
1500.0,1.0,24,22,16,29938,0,0,191.1641402244568
1500.0,0.0,26,13,18,29943,0,0,194.1013367176056
1500.0,0.5,37,16,25,29922,0,0,198.47625637054443
1500.0,2.0,31,14,15,29940,0,0,202.22746419906616
1500.0,3.5,27,10,9,29954,0,0,215.10347294807434
1500.0,3.0,40,13,14,29933,0,0,229.2634515762329
1500.0,2.5,40,12,7,29941,0,0,243.7159125804901
1500.0,4.0,16,8,4,29972,0,0,202.30730319023132
1500.0,4.5,18,4,8,29970,0,0,231.74555349349976
1500.0,5.0,20,5,5,29970,0,0,239.17142963409424
1500.0,5.5,20,5,10,29965,0,0,282.06964445114136
1500.0,6.0,15,11,2,29972,0,0,297.4004304409027
1500.0,6.5,29,2,4,29965,0,0,318.62594652175903
1500.0,7.0,30,1,4,29965,0,0,313.01026725769043
1500.0,7.5,29,2,3,29966,0,0,325.87518405914307
1500.0,9.0,30,4,3,29962,0,1,315.3923053741455
1500.0,9.5,28,6,4,29962,0,0,301.8667325973511
1500.0,8.5,42,3,2,29953,0,0,389.2233121395111
1500.0,11.0,5,0,1,29994,0,0,278.7019798755646
1500.0,8.0,34,4,3,29959,0,0,438.1701385974884
1500.0,10.0,16,0,2,29982,0,0,338.9878396987915
1500.0,10.5,18,4,5,29973,0,0,332.09089064598083
1500.0,11.5,1,1,1,29997,0,0,323.8029100894928
1500.0,14.5,0,0,0,30000,0,0,107.13765907287598
1500.0,14.0,1,0,0,29999,0,0,112.94065809249878
1500.0,13.5,0,0,0,30000,0,0,113.31046032905579
1500.0,15.0,0,0,0,30000,0,0,104.13655996322632
1500.0,15.5,0,0,0,30000,0,0,99.97661781311035
1500.0,12.5,0,0,0,30000,0,0,249.02524518966675
1500.0,17.0,0,0,0,30000,0,0,92.94299030303955
1500.0,16.5,0,0,0,30000,0,0,94.74864411354065
1500.0,16.0,0,0,0,30000,0,0,99.52480244636536
1500.0,17.5,0,0,0,30000,0,0,91.27732563018799
1500.0,12.0,2,0,0,29998,0,0,328.3855652809143
1500.0,18.0,0,0,0,30000,0,0,89.33629608154297
1500.0,18.5,0,0,0,30000,0,0,86.60005497932434
1500.0,20.0,0,0,0,30000,0,0,81.8689877986908
1500.0,19.5,0,0,0,30000,0,0,83.68643689155579
1500.0,19.0,0,0,0,29999,0,1,86.14307308197021
1500.0,13.0,0,0,0,30000,0,0,353.8810603618622
10.0,14.0,253,251,231,29265,0,0,2006.2870879173279
10.0,12.0,269,285,283,29163,0,0,2086.601880311966
10.0,8.0,314,301,344,29041,0,0,2132.2927997112274
10.0,4.0,279,382,413,28925,0,1,2189.6279468536377
10.0,6.0,277,365,360,28998,0,0,2190.4422011375427
10.0,10.0,338,319,292,29050,0,1,2221.165075778961
10.0,2.0,288,516,504,28691,0,1,2469.2206094264984
10.0,0.0,286,590,545,28579,0,0,2677.083472251892
10.0,26.0,80,62,61,29797,0,0,699.3797218799591
10.0,28.0,47,45,34,29874,0,0,568.7562220096588
10.0,30.0,20,33,35,29912,0,0,537.9921181201935
10.0,32.0,11,18,16,29955,0,0,351.79766941070557
10.0,34.0,6,8,8,29976,0,2,270.51222133636475
10.0,24.0,147,103,79,29670,0,1,1159.6728777885437
10.0,22.0,168,104,123,29604,0,1,1161.0800683498383
10.0,36.0,3,5,1,29991,0,0,196.70855903625488
10.0,38.0,2,2,0,29995,0,1,155.74111700057983
10.0,40.0,2,0,2,29995,0,1,147.24150562286377
10.0,42.0,0,2,1,29997,0,0,136.5448513031006
10.0,44.0,0,1,2,29997,0,0,140.57849884033203
10.0,46.0,0,1,1,29997,0,1,116.97310209274292
10.0,48.0,0,0,0,29999,0,1,107.43043422698975
10.0,54.0,0,0,0,30000,0,0,96.31541466712952
10.0,52.0,0,0,0,29998,0,2,99.80422687530518
10.0,20.0,187,140,162,29511,0,0,1478.3769006729126
10.0,50.0,1,0,1,29998,0,0,147.6590073108673
10.0,56.0,0,0,0,29999,0,1,93.02102947235107
10.0,58.0,1,0,0,29998,0,1,92.45769190788269
10.0,62.0,0,0,0,30000,0,0,86.31501054763794
10.0,60.0,0,0,0,30000,0,0,87.72620558738708
10.0,64.0,0,0,0,30000,0,0,82.55410194396973
10.0,66.0,0,0,0,29998,0,2,81.3087842464447
10.0,68.0,0,0,0,30000,0,0,79.93507838249207
10.0,70.0,0,0,0,29999,0,1,78.4620418548584
10.0,76.0,0,0,0,29999,0,1,73.24117493629456
10.0,74.0,0,0,0,30000,0,0,74.49556541442871
10.0,72.0,0,0,0,30000,0,0,75.44689679145813
10.0,18.0,200,174,204,29421,0,1,1696.1985847949982
10.0,78.0,0,0,0,30000,0,0,70.12564134597778
10.0,80.0,0,0,0,29999,0,1,69.77024674415588
10.0,16.0,236,207,211,29344,0,2,1856.496397972107
3000.0,0.75,14,2,3,29981,0,0,162.24027562141418
3000.0,0.5,22,2,7,29969,0,0,162.55024123191833
3000.0,1.0,17,3,4,29976,0,0,162.71249055862427
3000.0,1.25,17,5,7,29971,0,0,162.8346061706543
3000.0,0.25,25,1,6,29968,0,0,164.88632130622864
3000.0,0.0,21,5,2,29972,0,0,170.14973759651184
3000.0,1.75,18,4,6,29972,0,0,171.44276237487793
3000.0,1.5,18,6,3,29973,0,0,173.15298223495483
3000.0,2.0,16,1,3,29979,0,1,162.99521398544312
3000.0,2.25,19,3,6,29972,0,0,168.84206461906433
3000.0,2.5,20,4,4,29972,0,0,177.23384761810303
3000.0,3.0,14,0,4,29982,0,0,177.65715217590332
3000.0,3.25,15,0,3,29982,0,0,175.69054746627808
3000.0,2.75,23,8,2,29967,0,0,180.55027103424072
3000.0,3.75,9,2,2,29987,0,0,196.79031467437744
3000.0,3.5,20,0,2,29978,0,0,226.4513454437256
3000.0,4.25,8,1,3,29988,0,0,192.64701199531555
3000.0,4.0,17,3,3,29977,0,0,210.52247309684753
3000.0,4.5,13,2,0,29985,0,0,215.63374137878418
3000.0,5.0,10,4,1,29985,0,0,212.68961548805237
3000.0,4.75,12,1,0,29987,0,0,213.88151931762695
3000.0,5.5,13,1,4,29982,0,0,207.84485507011414
3000.0,5.25,17,3,1,29979,0,0,245.98915195465088
3000.0,5.75,16,3,2,29979,0,0,237.93633008003235
3000.0,6.0,19,1,1,29979,0,0,232.26014184951782
3000.0,6.25,20,0,0,29980,0,0,282.19550037384033
3000.0,6.75,16,0,0,29984,0,0,271.9253282546997
3000.0,7.0,19,0,4,29977,0,0,274.7601246833801
3000.0,6.5,19,1,0,29980,0,0,278.66884112358093
3000.0,7.5,7,1,1,29991,0,0,290.26945996284485
3000.0,7.75,21,1,2,29976,0,0,260.5472831726074
3000.0,7.25,13,1,1,29985,0,0,370.6159462928772
3000.0,8.0,18,2,0,29980,0,0,290.5933349132538
3000.0,8.75,9,1,0,29990,0,0,230.49440240859985
3000.0,9.25,7,0,1,29992,0,0,190.29995036125183
3000.0,9.0,4,0,0,29996,0,0,243.47460865974426
3000.0,8.25,11,0,1,29988,0,0,268.6933515071869
3000.0,8.5,16,1,1,29982,0,0,289.0667521953583
3000.0,9.5,3,3,1,29993,0,0,245.2915050983429
3000.0,9.75,3,0,2,29995,0,0,197.23609519004822
3000.0,10.75,0,0,1,29999,0,0,119.73600029945374
3000.0,10.5,0,2,0,29998,0,0,135.0807008743286
3000.0,11.25,0,0,0,30000,0,0,114.19217705726624
3000.0,10.0,1,0,0,29998,0,1,175.9693763256073
3000.0,11.75,0,0,0,30000,0,0,110.21161079406738
3000.0,11.5,0,0,0,30000,0,0,112.42553472518921
3000.0,11.0,0,0,0,30000,0,0,188.1586036682129
3000.0,12.0,0,0,0,30000,0,0,107.83912420272827
3000.0,12.25,0,0,0,30000,0,0,107.31752061843872
3000.0,10.25,0,0,1,29999,0,0,276.63303208351135
3000.0,12.75,0,0,0,30000,0,0,103.10847401618958
3000.0,12.5,0,0,0,30000,0,0,104.3676869869232