e,b,pAB,pAB_err,pBB,pBB_err
0.001,0.0,0.1026369168356998,0.0030563102703052535,0.030425963488843813,0.0017297136039194792
0.001,2.0,0.10689655172413794,0.0031116753076837803,0.029614604462474645,0.0017072087839952942
0.001,4.0,0.0973979953427154,0.0029833941178261415,0.03027234990381695,0.0017239927290885451
0.001,6.0,0.08740229418333165,0.002845515417200571,0.02700233478834636,0.0016331136106857373
0.001,8.0,0.08441558441558442,0.0028003361333519355,0.025162337662337664,0.001577579649751248
0.001,10.0,0.07905138339920949,0.0027163133811665837,0.022195196108239588,0.001483074653032563
0.001,12.0,0.07051542207792208,0.002578771142507147,0.02130681818181818,0.001454561987808825
0.001,14.0,0.06913705583756345,0.002556113868035451,0.02,0.0014106196212076594
0.001,16.0,0.06341166936790923,0.002452767545876487,0.019145056726094005,0.0013792028565643166
0.001,18.0,0.06165839829907867,0.0024202714523028023,0.01883162903715703,0.001367738866398952
0.001,20.0,0.05596181190331099,0.0023163850286679268,0.01736745886654479,0.0013165392003598151
0.001,22.0,0.0574642748555792,0.0023429084106523558,0.019256106212627952,0.0013834691482556174
0.001,24.0,0.05481811733711622,0.0022913064508419457,0.020670787313810925,0.0014322086403121411
0.001,26.0,0.05399655556681187,0.0022748292899518554,0.016411711072839633,0.001278801184748671
0.001,28.0,0.05640089267599919,0.0023234982122035223,0.015926151349158046,0.001260883198672276
0.001,30.0,0.06219611021069692,0.002430720668136687,0.018233387358184763,0.0013465895356775755
0.001,32.0,0.05442383703253269,0.002283759002928922,0.016317016317016316,0.0012754263618621588
0.001,34.0,0.05760649087221095,0.0023464613009975665,0.013995943204868154,0.0011830469470705922
0.001,36.0,0.05735711390352655,0.002340737279614952,0.012768544791244426,0.0011302268594697634
0.001,38.0,0.06263301915475829,0.0024392928060333855,0.013377926421404682,0.0011565841895604112
0.001,40.0,0.06041835905767669,0.002400920081269345,0.010966693744922826,0.0010494682308433844
0.001,42.0,0.059912521615298545,0.0023935587147644426,0.011392533821584783,0.0010703437026570487
0.001,44.0,0.05571341587172722,0.0023106040171027463,0.010757052973411813,0.0010391825752360097
0.001,46.0,0.05238046898792001,0.0022447166780750973,0.007613440259872094,0.0008757713822025886
0.001,48.0,0.055420219244823384,0.002305107802179104,0.008221680876979293,0.0009097570113972634
0.001,50.0,0.053121521805119906,0.0022559942016158155,0.006576950318729131,0.0008130832214017412
0.001,52.0,0.045588384607574375,0.0021018363136974393,0.005888922733272414,0.000770973260716194
0.001,54.0,0.040721231766612645,0.0019892084527364786,0.006786871961102107,0.0008263299242114231
0.001,56.0,0.03961499493414387,0.001963332751332044,0.004964539007092199,0.0007074571929037203
0.001,58.0,0.03620322482506845,0.0018810740128918052,0.004766250887333942,0.0006935703479710769
0.001,60.0,0.032820097244732574,0.0017931680420371298,0.0051661264181523505,0.0007215313797806065
0.001,62.0,0.03160890334383575,0.0017638214828951055,0.00386218111596707,0.0006253174555495102
0.001,64.0,0.03029995946493717,0.0017255405126917326,0.004762869882448318,0.0006930795316733005
0.001,66.0,0.023903575407677503,0.0015372808792845022,0.002937303757723083,0.0005446419587200519
0.001,68.0,0.019275641675966317,0.001384858895296161,0.004159480572182205,0.0006482493177787331
0.001,70.0,0.015507804581390635,0.001243972395165062,0.0035475369957429555,0.0005985786239466743
0.001,72.0,0.016458396830234683,0.0012824085051632045,0.0023366859697246775,0.00048666311796711245
0.001,74.0,0.01439432336543335,0.0011992194969874612,0.002838317283324886,0.0005356297824943914
0.001,76.0,0.011683429848623387,0.0010831022885530383,0.0015239256324291375,0.00039317597803004763
0.001,78.0,0.00852359208523592,0.0009260281881761735,0.0023338406900050737,0.0004860712228180418
0.001,80.0,0.007300750354897587,0.0008572551381279616,0.0024335834516325287,0.0004961483286121548
0.001,82.0,0.006397887681527369,0.0008034754098969816,0.003148166954402356,0.0005645367450319536
0.001,84.0,0.004666260904848854,0.0006863955588871221,0.002130249543517955,0.0004643631647238102
0.001,86.0,0.005977710233029382,0.0007759020774421599,0.0013171225937183384,0.00036506342619611193
0.001,88.0,0.004468365999796892,0.0006721248192338355,0.0013201990453945364,0.00036591555466062
0.001,90.0,0.004263093788063338,0.0006564060030083324,0.0008120178643930166,0.0002869750837242402
0.001,92.0,0.0034482758620689655,0.00059035393994323,0.0013184584178498986,0.0003654334286791185
0.001,94.0,0.003755201461483812,0.0006161910878624722,0.0013193951080889069,0.00036569287699371407
0.001,96.0,0.0036503751774487935,0.0006072844110987561,0.0009125937943621984,0.0003040590951993086
0.001,98.0,0.002337160857636419,0.0004867619073342309,0.00101615689462453,0.0003211737187964922
0.001,100.0,0.0030463038180341185,0.0005553286520314747,0.000710804224207961,0.00026856324515717156
0.001,102.0,0.0007111652951335975,0.00026869962008391717,0.0005079752108097125,0.00022711571388868196
0.001,104.0,0.0020290149132596125,0.0004532410100406297,0.000811605965303845,0.0002868295736634962
0.001,106.0,0.002533954996959254,0.0005061484993244576,0.0003040745996351105,0.00017553085862755235
0.001,108.0,0.0015214524799675425,0.00039253838570233666,0.00010143016533116949,0.00010142502116150313
0.001,110.0,0.00202757502027575,0.00045291969372863983,0.0008110300081103001,0.000286626107305168
0.001,112.0,0.00213089802130898,0.00046450437244166916,0.0004058853373921867,0.00020290147878929688
0.001,114.0,0.0018274111675126903,0.0004303312071078715,0.00030456852791878173,0.00017581594146191752
0.001,116.0,0.0012183978068839476,0.00035150681744705944,0.0004061326022946492,0.00020302506103699936
0.001,118.0,0.0013196629783778296,0.00036576707276318255,0.00040605014719317836,0.00020298385023096696
0.001,120.0,0.0011186819892199736,0.00033710659483702853,0.0,0.0
0.001,122.0,0.0013187259078920673,0.0003655075191959153,0.00010144045445323595,0.00010143530923984961
0.001,124.0,0.0004070418235473695,0.00020347948679630193,0.00020352091177368474,0.00014389637163257315
0.001,126.0,0.00030413625304136254,0.00017556644341219535,0.00030413625304136254,0.00017556644341219535
0.001,128.0,0.0005078720162519045,0.00022706958732459436,0.00020314880650076182,0.00014363330697594843
0.001,130.0,0.0006090133982947625,0.0002485529580946778,0.00020300446609825416,0.00014353126362694427
0.001,132.0,0.0005070993914807302,0.00022672423440676042,0.00030425963488843813,0.0001756376562829437
0.001,134.0,0.00020343810395687112,0.00014383782957921097,0.00020343810395687112,0.00014383782957921097
0.001,136.0,0.0007118161480577588,0.0002689454442934765,0.0002033760423022168,0.00014379395428939433
0.001,138.0,0.0002033760423022168,0.00014379395428939433,0.0006101281269066504,0.0002490077666742236
0.001,140.0,0.00030525030525030525,0.00017620944575431048,0.00030525030525030525,0.00017620944575431048
0.001,142.0,0.00030521924916064705,0.00017619152098614628,0.00020347949944043138,0.00014386709465044438
0.001,144.0,0.0005088540606554041,0.0002275085476259335,0.0003053124363932424,0.00017624530623427644
0.001,146.0,0.0001017293997965412,0.00010172422522954497,0.0006103763987792472,0.00024910906137454625
0.001,148.0,0.0002031694433157253,0.0001436478964429397,0.00010158472165786265,0.00010157956179898147
0.001,150.0,0.0003053435114503817,0.00017626324194830556,0.00010178117048346055,0.00010177599064832229
0.001,152.0,0.00020376974019358125,0.0001440722840618558,0.0,0.0
0.001,154.0,0.00010184336490477646,0.00010183817873724134,0.00010184336490477646,0.00010183817873724134
0.001,156.0,0.00030556121409655736,0.0001763888942327642,0.00010185373803218578,0.00010184855080812232
0.001,158.0,0.0004070832485243232,0.00020350019085221333,0.0003053124363932424,0.00017624530623427644
0.001,160.0,0.00020339672531272246,0.00014380857641160575,0.00010169836265636123,0.0001016931912463934
0.001,162.0,0.00040720757406087753,0.00020356232830733936,0.00010180189351521938,0.00010179671157057144
0.001,164.0,0.00030456852791878173,0.00017581594146191752,0.0,0.0
0.001,166.0,0.0,0.0,0.00010187449062754686,0.00010186930128945788
0.001,168.0,0.0,0.0,0.00010185373803218578,0.00010184855080812232
0.001,170.0,0.00010178117048346055,0.00010177599064832229,0.00010178117048346055,0.00010177599064832229
0.001,172.0,0.0003053745928338762,0.0001762811813131844,0.00010179153094462541,0.00010178635005489336
0.001,174.0,0.0002039775624681285,0.00014421920663942815,0.00010198878123406426,0.00010198358024570145
0.001,176.0,0.0,0.0,0.0,0.0
0.001,178.0,0.00010194719135487817,0.00010194199460751376,0.0,0.0
0.001,180.0,0.00010186411327289395,0.00010185892499197924,0.00010186411327289395,0.00010185892499197924
0.001,182.0,0.0,0.0,0.0,0.0
0.001,184.0,0.00010194719135487817,0.00010194199460751376,0.0,0.0
0.001,186.0,0.0,0.0,0.0,0.0
0.001,188.0,0.00010194719135487817,0.00010194199460751376,0.0,0.0
0.001,190.0,0.00010200958890135672,0.00010200438579054763,0.0,0.0
0.001,192.0,0.0,0.0,0.0,0.0
0.001,194.0,0.0001020512297173181,0.00010204602235771695,0.0,0.0
0.001,196.0,0.0,0.0,0.0,0.0
0.001,198.0,0.0,0.0,0.0,0.0
0.001,200.0,0.00010222858311183807,0.0001022233576366839,0.0,0.0
0.001,202.0,0.00010232272587741738,0.00010231749077338094,0.0,0.0
0.001,204.0,0.0,0.0,0.0,0.0
0.001,206.0,0.00020437359493153485,0.0001444991866987288,0.0,0.0
0.001,208.0,0.0002052334530528476,0.00014510707367470295,0.0,0.0
0.001,210.0,0.0,0.0,0.0,0.0
0.001,212.0,0.0,0.0,0.00010235414534288638,0.00010234890702330758
0.001,214.0,0.00010255358424776946,0.00010254832549411896,0.0,0.0
0.001,216.0,0.0,0.0,0.0,0.0
0.001,218.0,0.0,0.0,0.0,0.0
0.001,220.0,0.0,0.0,0.0,0.0
0.001,222.0,0.0,0.0,0.0,0.0
0.001,224.0,0.0,0.0,0.0,0.0
0.001,226.0,0.0,0.0,0.0,0.0
0.001,228.0,0.00010233319688907081,0.00010232796071351597,0.0,0.0
0.001,230.0,0.0,0.0,0.0,0.0
0.005,0.0,0.07831689148379303,0.003812162938252925,0.021542178377290114,0.0020600074143609028
0.005,3.4,0.07681479991956565,0.0037762230513380987,0.020108586366378443,0.001990538201779025
0.005,6.8,0.06329369078814755,0.003456983603791034,0.017335214674460794,0.0018530310436988752
0.005,10.2,0.05327704061117813,0.003184407299671265,0.013067953357458785,0.001610254505436036
0.005,13.6,0.04746580852775543,0.0030155405193106866,0.01327433628318584,0.0016230767614804395
0.005,17.0,0.04084507042253521,0.0028076050300874776,0.014084507042253521,0.0016715234622448638
0.005,20.4,0.04962829013461925,0.0030784179725583077,0.012055455093429777,0.0015469428454706782
0.005,23.8,0.03705195328231978,0.0026804247819583976,0.009665726943213854,0.0013883686804324331
0.005,27.2,0.04020908725371934,0.002785463896482087,0.009650180940892641,0.0013861465584866842
0.005,30.6,0.04494155582426441,0.002941105788927084,0.008464328899637243,0.0013005350366998962
0.005,34.0,0.04508856682769726,0.002943906202597894,0.004428341384863124,0.0009420327809342502
0.005,37.4,0.03678391959798995,0.002668666610649161,0.0052261306532663315,0.001022246831865258
0.005,40.8,0.03280998389694042,0.0025273658760977267,0.00785024154589372,0.0012521009118883748
0.005,44.2,0.025934861278648975,0.0022536323826625776,0.004624045034177724,0.000961948251947543
0.005,47.6,0.02094662638469285,0.002032359823139983,0.004229607250755287,0.000921021989524814
0.005,51.0,0.015458743224252159,0.00174801751832307,0.0034129692832764505,0.0008263528599674855
0.005,54.4,0.011260808365171928,0.0014962922578291627,0.001407601045646491,0.0005316486173698319
0.005,57.8,0.007659746018947792,0.0012378068326126372,0.0018141503729086877,0.0006041680183716555
0.005,61.2,0.004228755537656061,0.0009208369177709176,0.0024164317358034634,0.0006967204392098309
0.005,64.6,0.004423889000603257,0.0009410877379113674,0.003217373818620551,0.0008030484754218132
0.005,68.0,0.0022150624244865083,0.0006671263569264429,0.0012082158679017317,0.0004929539950380558
0.005,71.4,0.001006036217303823,0.0004496867025713303,0.0012072434607645875,0.0004925574911528096
0.005,74.8,0.0012104095218882388,0.000493848467029762,0.0008069396812588259,0.0004033070198638523
0.005,78.2,0.002613590671491757,0.0007239317400923639,0.0008041817450743868,0.00040192916294990236
0.005,81.6,0.001610305958132045,0.0005688705496553209,0.00040257648953301127,0.00028460726029625935
0.005,85.0,0.0018126888217522659,0.000603681718722866,0.0002014098690835851,0.00020138958509450264
0.005,88.4,0.0010109179134654266,0.00045186766096302303,0.0,0.0
0.005,91.8,0.0010054293183189222,0.0004494155621666346,0.0004021717273275689,0.0002843211653769386
0.005,95.2,0.00020120724346076458,0.0002011870002650334,0.0,0.0
0.005,98.6,0.000201450443190975,0.00020143015102842634,0.00040290088638195,0.0002848365511124899
0.005,102.0,0.00020080321285140563,0.00020078305087406161,0.0,0.0
0.005,105.4,0.0,0.0,0.0,0.0
0.005,108.8,0.0006044731009470078,0.0003488872132530466,0.00020149103364900262,0.00020147073330804645
0.005,112.2,0.0,0.0,0.0,0.0
0.005,115.6,0.00020120724346076458,0.0002011870002650334,0.00040241448692152917,0.00028449275326519557
0.005,119.0,0.0004024954719259408,0.00028454999526090753,0.0,0.0
0.005,122.4,0.00020161290322580645,0.00020159257831994042,0.00020161290322580645,0.00020159257831994042
0.005,125.8,0.0,0.0,0.00020132876988121604,0.00020130850222425814
0.005,129.2,0.00020120724346076458,0.0002011870002650334,0.00020120724346076458,0.0002011870002650334
0.005,132.6,0.0,0.0,0.0,0.0
0.005,136.0,0.0,0.0,0.0,0.0
0.005,139.4,0.0,0.0,0.0,0.0
0.005,142.8,0.0,0.0,0.0,0.0
0.005,146.2,0.0,0.0,0.0,0.0
0.005,149.6,0.0,0.0,0.0,0.0
0.005,153.0,0.00040330711837063924,0.0002851236846975384,0.0,0.0
0.005,156.4,0.00020157226365652087,0.00020155194694391,0.0,0.0
0.005,159.8,0.000201450443190975,0.00020143015102842634,0.0,0.0
0.005,163.2,0.0,0.0,0.0,0.0
0.005,166.6,0.0,0.0,0.0002021018593371059,0.00020208143572436745
0.005,170.0,0.0,0.0,0.0,0.0
0.01,0.0,0.07504520795660036,0.0026407234245330456,0.021599357042395018,0.001457068462666578
0.01,2.0,0.06947093665294649,0.002547505194093866,0.020580263025800623,0.001422520114979497
0.01,4.0,0.06495331793996587,0.002469254460654523,0.018070474851922497,0.0013346686881141252
0.01,6.0,0.05979899497487437,0.00237709072588371,0.016381909547738695,0.0012725767231536189
0.01,8.0,0.04961333735060761,0.0021761314915022868,0.01546650597569549,0.0012366508520103693
0.01,10.0,0.047121470913292475,0.002123983740946598,0.012860444087209887,0.0011293804306999609
0.01,12.0,0.0440112540192926,0.002056141874250904,0.013062700964630225,0.0011381672633964351
0.01,14.0,0.04203117144293615,0.0020121439273873866,0.011362493715434891,0.0010628034988768604
0.01,16.0,0.03904054596547571,0.0019404104895469742,0.014050582095543959,0.0011791189427552357
0.01,18.0,0.037144864973396245,0.0018948655382485069,0.011143459492018873,0.0010517806931581372
0.01,20.0,0.03685108946681394,0.0018878349351136203,0.007932523345717441,0.0008889317524516874
0.01,22.0,0.03394937725994375,0.0018149865231203936,0.011349939734833267,0.001061635988728799
0.01,24.0,0.037743425015057216,0.0019093820202295468,0.00883356755671552,0.0009374931246986849
0.01,26.0,0.03762415972709943,0.001906002787789729,0.008126818501053476,0.000899303171712852
0.01,28.0,0.03770739064856712,0.001910136579815398,0.008345902463549522,0.0009122510335852571
0.01,30.0,0.03655719594255298,0.0018807676813320116,0.0072310937029225674,0.0008491058330714509
0.01,32.0,0.037029603612644256,0.0018916568098084814,0.006322127446061214,0.0007939913683960952
0.01,34.0,0.029733802109492717,0.0017023546526195575,0.00622802611752888,0.0007884932007921534
0.01,36.0,0.028229857343781393,0.0016601116574202432,0.0041189471569218405,0.0006419453049027396
0.01,38.0,0.022798031535603093,0.0014958105363854573,0.003715978708446319,0.0006097670285721788
0.01,40.0,0.021804662379421223,0.0014639703933119817,0.0043207395498392285,0.0006574815812634843
0.01,42.0,0.017780010045203416,0.0013244932614391732,0.0022099447513812156,0.0004706408953687264
0.01,44.0,0.017475143115396205,0.0013131607406221529,0.0019082052827156773,0.00043735443614254985
0.01,46.0,0.012656956303365142,0.0011204127531263385,0.0014063284781516826,0.000375592713354218
0.01,48.0,0.010552763819095477,0.0010243960345812137,0.0033165829145728643,0.0005763847814749644
0.01,50.0,0.007430464906115072,0.0008605588953407208,0.0016065870067275831,0.0004013239817640223
0.01,52.0,0.006428930185836263,0.0008010289115740389,0.002410848819688599,0.0004915188922740416
0.01,54.0,0.004924128228318762,0.0007017128210878372,0.0012059089538739825,0.00034790596819276497
0.01,56.0,0.0042228031369394734,0.0006502154409940068,0.0013070581138145989,0.00036227570605970355
0.01,58.0,0.0026101797008332497,0.0005112298450783231,0.001104306796506375,0.0003327771306949131
0.01,60.0,0.0018090452261306533,0.0004260101895000117,0.001206030150753769,0.00034794091250656866
0.01,62.0,0.002109492717227524,0.0004598432635059602,0.0005022601707684581,0.0002245611615298517
0.01,64.0,0.0022097227802330252,0.0004705936756267876,0.0007030936118923262,0.0002656509684709285
0.01,66.0,0.00160787860516531,0.00040164636208548065,0.0005024620641141594,0.00022465140561243413
0.01,68.0,0.0012059089538739825,0.00034790596819276497,0.0007034468897598232,0.00026578440102396266
0.01,70.0,0.0017107779007748817,0.00041456951362729753,0.00040253597665291336,0.00020122747544594835
0.01,72.0,0.0011058610636372776,0.0003332452417780481,0.0003015984719010757,0.000174101698595931
0.01,74.0,0.0012062726176115801,0.00034801082219762183,0.00030156815440289503,0.00017408420005965113
0.01,76.0,0.0014066110720385814,0.0003756681334657194,0.0,0.0
0.01,78.0,0.0013066639863302844,0.000362166537688006,0.0003015378429992964,0.00017406670504048786
0.01,80.0,0.00040180813661476645,0.00020086370180741634,0.00020090406830738323,0.0001420463580721417
0.01,82.0,0.0007028818154433176,0.0002655709732277803,0.0003012350637614218,0.00017389194805721942
0.01,84.0,0.00030120481927710846,0.0001738744916564544,0.0,0.0
0.01,86.0,0.0002008233758409479,0.00014198931134371846,0.0002008233758409479,0.00014198931134371846
0.01,88.0,0.00020090406830738323,0.0001420463580721417,0.00030135610246107485,0.0001739618087256117
0.01,90.0,0.0003013863773357444,0.00017397928266432613,0.0005023106288929073,0.00022458371575262228
0.01,92.0,0.0001003814495081309,0.00010037641116398597,0.0005019072475406545,0.00022440340872404446
0.01,94.0,0.00010050251256281407,0.00010049746205839808,0.0005025125628140704,0.000224673977967425
0.01,96.0,0.00020110608345902463,0.00014218917564077713,0.0,0.0
0.01,98.0,0.0,0.0,0.0,0.0
0.01,100.0,0.0,0.0,0.00040180813661476645,0.00020086370180741634
0.01,102.0,0.0,0.0,0.0003013258336681398,0.00017394433829660092
0.01,104.0,0.0,0.0,0.0003012350637614218,0.00017389194805721942
0.01,106.0,0.0,0.0,0.0,0.0
0.01,108.0,0.0,0.0,0.0,0.0
0.01,110.0,0.0,0.0,0.0,0.0
0.01,112.0,0.0,0.0,0.0,0.0
0.05,0.0,0.05368589743589743,0.003190145390834626,0.015024038461538462,0.0017217451600637244
0.05,2.0,0.054086538461538464,0.0032013488999802007,0.014022435897435898,0.001664209357696811
0.05,4.0,0.04067321178120617,0.002796042284971436,0.009617311160088158,0.001381448086282945
0.05,6.0,0.03627254509018036,0.002646767891810401,0.010420841683366733,0.0014375613774107294
0.05,8.0,0.035871743486973945,0.0026326515168655054,0.009418837675350702,0.0013673931997654329
0.05,10.0,0.031425140112089675,0.0024682775474905976,0.007205764611689352,0.0011966260254088592
0.05,12.0,0.02627356598475732,0.0022651754896779387,0.009225832330525471,0.0013539853927237498
0.05,14.0,0.02627356598475732,0.0022651754896779387,0.007420778178900923,0.001215433431174171
0.05,16.0,0.02768860353130016,0.002324150234161375,0.008426966292134831,0.0012948187069228504
0.05,18.0,0.03133446791470618,0.001743159306640102,0.0064070477525277805,0.0007983112049949465
0.05,20.0,0.028434120945134162,0.0023519699099246484,0.005006007208650381,0.0009986922867609557
0.05,22.0,0.03047924603970323,0.0024342264710258007,0.00421094846601163,0.000916967519779028
0.05,24.0,0.023036858974358976,0.002123310136104811,0.0026041666666666665,0.0007213248170654612
0.05,26.0,0.026463512429831595,0.002272671351540874,0.0032076984763432237,0.0008006374198305352
0.05,28.0,0.02064128256513026,0.0020127459592388223,0.00501002004008016,0.0009994908262105206
0.05,30.0,0.020432692307692308,0.0020023622564160977,0.0028044871794871795,0.0007484789639292246
0.05,32.0,0.013824884792626729,0.0016527759902274827,0.002003606491685033,0.000632960948047712
0.05,34.0,0.01261513816579896,0.001579301213118467,0.0014016820184221065,0.0005294145794598042
0.05,36.0,0.007618283881315156,0.001231132314035726,0.0022052927024859663,0.000664187190794178
0.05,38.0,0.005411906193625977,0.001038699699885326,0.0012026458208057728,0.000490682775177586
0.05,40.0,0.004006410256410256,0.0008940641743466057,0.0018028846153846155,0.0006004195619149774
0.05,42.0,0.004204204204204204,0.0009155020033625661,0.0018018018018018018,0.0006000592750281529
0.05,44.0,0.004008819402685909,0.0008946007136693368,0.0012026458208057728,0.000490682775177586
0.05,46.0,0.0028067361668003207,0.0007490783429330355,0.0012028869286287089,0.0004907810885901484
0.05,48.0,0.002004008016032064,0.0006330876665738202,0.0006012024048096192,0.00034700001457614626
0.05,50.0,0.001001401962747847,0.00044761628192185827,0.0002002803925495694,0.0002002603354274371
0.05,52.0,0.0016019223067681217,0.0005659112447925198,0.0,0.0
0.05,54.0,0.00040096230954290296,0.00028346632132694304,0.00040096230954290296,0.00028346632132694304
0.05,56.0,0.0018028846153846155,0.0006004195619149774,0.0,0.0
0.05,58.0,0.0008019246190858059,0.00040080150652478853,0.00020048115477145148,0.00020046105741740655
0.05,60.0,0.0018039687312086591,0.0006007802817072563,0.00020044097013429546,0.00020042088083631123
0.05,62.0,0.00020056157240272763,0.0002005414589220169,0.0,0.0
0.05,64.0,0.0004004004004004004,0.0002830691507884249,0.0,0.0
0.05,66.0,0.00020024028834601522,0.00020022023925576763,0.00020024028834601522,0.00020022023925576763
0.05,68.0,0.00020032051282051281,0.0002003004476616684,0.00020032051282051281,0.0002003004476616684
0.05,70.0,0.0,0.0,0.00030054097375275494,0.0001734913355932559
0.05,72.0,0.0,0.0,0.0,0.0
0.05,74.0,0.0,0.0,0.0,0.0
0.05,76.0,0.0,0.0,0.00020032051282051281,0.0002003004476616684
0.05,78.0,0.0,0.0,0.0,0.0
0.05,80.0,0.00020012007204322593,0.00020010004701970623,0.0,0.0
0.05,82.0,0.0,0.0,0.0,0.0
0.05,84.0,0.0,0.0,0.0,0.0
0.05,86.0,0.0,0.0,0.0,0.0
0.05,88.0,0.0,0.0,0.0,0.0
0.05,90.0,0.00010026067776218167,0.0001002556515344426,0.0,0.0
0.05,92.0,0.0,0.0,0.0,0.0
0.05,94.0,0.0,0.0,0.0,0.0
0.05,96.0,0.0,0.0,0.0,0.0
0.05,98.0,0.0,0.0,0.0,0.0
0.05,100.0,0.0,0.0,0.0,0.0
0.1,0.0,0.05018531503556045,0.002185129759429775,0.013823499949914855,0.0011685728630327352
0.1,1.5,0.04879759519038076,0.0021566040135230983,0.011623246492985972,0.0010729011590958903
0.1,3.0,0.04114937925510613,0.0019875490448412426,0.008309971966359632,0.0009083400967178325
0.1,4.5,0.03642914331465172,0.0018743042699621497,0.008306645316253003,0.0009079779926917102
0.1,6.0,0.03176989376628583,0.0017558015284914383,0.009621166566446182,0.000977221001608056
0.1,7.5,0.028651572831095973,0.0016697558422628818,0.008314966940492887,0.0009088837945969141
0.1,9.0,0.028857715430861724,0.0016757419225762276,0.008617234468937876,0.0009252079731019968
0.1,10.5,0.023826208829712685,0.0015259139277488583,0.007808589448393233,0.000880689908030906
0.1,12.0,0.024919935948759006,0.0015594353930519075,0.007706164931945556,0.0008748086805586611
0.1,13.5,0.02183274912368553,0.0014624692281561787,0.0053079619429143715,0.0007271670414367817
0.1,15.0,0.026442307692307692,0.00160575113400186,0.006810897435897436,0.0008231251224139319
0.1,16.5,0.026326326326326328,0.001601839872717132,0.006006006006006006,0.0007730400900127687
0.1,18.0,0.026645297004908343,0.0016118154449537522,0.005208855053591105,0.0007204544962870678
0.1,19.5,0.025728301131244368,0.001584107288255822,0.004805285814395836,0.0006919148249613398
0.1,21.0,0.022936698717948716,0.0014982163062614267,0.003705929487179487,0.0006081210861252702
0.1,22.5,0.024143458224804647,0.0015363279961180675,0.0018032458425165298,0.0004246457322180471
0.1,24.0,0.022135416666666668,0.0014724173389627335,0.0031049679487179485,0.0005568022613898046
0.1,25.5,0.01922306768121746,0.0013739065754802457,0.0024028834601521826,0.0004898968869821084
0.1,27.0,0.014325786415547987,0.001189370467814754,0.002003606491685033,0.00044757097859080317
0.1,28.5,0.013214535989588548,0.001142552918996236,0.0018019821803984383,0.00042434842146882063
0.1,30.0,0.010516826923076924,0.0010209260460194963,0.001702724358974359,0.00041261957871622547
0.1,31.5,0.008415990381725278,0.0009143876354056773,0.0022041879571185253,0.0004694162538020554
0.1,33.0,0.005704563650920737,0.0007534296818387989,0.0016012810248198558,0.0003999996151793845
0.1,34.5,0.005809876790543925,0.000760654865970747,0.0006010217369528198,0.0002452923503813715
0.1,36.0,0.0028036447381596073,0.0005290957914193107,0.0011014318614198458,0.0003319112615423733
0.1,37.5,0.003002101471029721,0.0005472828781926858,0.0011007705393775644,0.000331712085090213
0.1,39.0,0.002104419280489027,0.00045873848333215087,0.0005010522096402445,0.00022402121594449878
0.1,40.5,0.0021046301864101023,0.0004587844098432605,0.0006013229104028864,0.00024541522999455494
0.1,42.0,0.00170238333667134,0.0004125370095671466,0.0008011215701982776,0.00028312577015386533
0.1,43.5,0.001001602564102564,0.0003165758804798263,0.000500801282051282,0.00022390905393890415
0.1,45.0,0.0012014417300760913,0.00034661794469420233,0.00040048057669203043,0.00020020018815769964
0.1,46.5,0.0007011920264449565,0.00026493274151470164,0.0003005108684764099,0.00017347395952797086
0.1,48.0,0.0007008410092110533,0.0002648001625006272,0.00040048057669203043,0.00020020018815769964
0.1,49.5,0.0008008809690659726,0.0002830407729656863,0.00010011012113324657,0.00010010510998965023
0.1,51.0,0.0,0.0,0.0,0.0
0.1,52.5,0.0005005005005005005,0.0002237746076971199,0.0002002002002002002,0.0001415487479847846
0.1,54.0,0.000600540486437794,0.0002450959987432154,0.0,0.0
0.1,55.5,0.000300270243218897,0.000173335076207249,0.000300270243218897,0.000173335076207249
0.1,57.0,0.0004003603242918627,0.000200140086036992,0.00010009008107296567,0.00010008507193545668
0.1,58.5,0.0001001401962747847,0.00010013518211979696,0.0001001401962747847,0.00010013518211979696
0.1,60.0,0.00020024028834601522,0.00014157708890854629,0.00020024028834601522,0.00014157708890854629
0.1,61.5,0.0,0.0,0.0003005108684764099,0.00017347395952797086
0.1,63.0,0.00010013016921998598,0.00010012515606909693,0.0005006508460999299,0.00022384181062988392
0.1,64.5,0.00010012014417300761,0.00010011513202591563,0.00010012014417300761,0.00010011513202591563
0.1,66.0,0.0,0.0,0.0,0.0
0.1,67.5,0.0,0.0,0.0002002002002002002,0.0001415487479847846
0.1,69.0,0.0,0.0,0.0,0.0
0.1,70.5,0.0,0.0,0.00010012014417300761,0.00010011513202591563
0.1,72.0,0.0,0.0,0.0003005108684764099,0.00017347395952797086
0.1,73.5,0.0,0.0,0.00010016025641025641,0.0001001552402461661
0.1,75.0,0.0,0.0,0.0,0.0
0.1,76.5,0.0,0.0,0.0,0.0
0.1,78.0,0.0,0.0,0.0,0.0
0.1,79.5,0.0,0.0,0.0,0.0
0.3,0.0,0.04231692677070829,0.002013514873249512,0.009903961584633853,0.0009904441957214604
0.3,1.4,0.03542125275165099,0.0018489753882914095,0.009505703422053232,0.000970618237160164
0.3,2.8,0.03661830915457729,0.0018786978500359164,0.0073036518259129565,0.0008517003853263552
0.3,4.2,0.02952952952952953,0.001693700759813613,0.007207207207207207,0.0008463111601105626
0.3,5.6,0.028817290374224536,0.0016734293036611454,0.005303181909145487,0.0007265139438336685
0.3,7.0,0.02512009607686149,0.0015655249533938554,0.0061048839071257,0.0007792606930564482
0.3,8.4,0.021619457511760583,0.0014550295724887901,0.005104594134721249,0.0007129594696958502
0.3,9.8,0.022317854283426742,0.0014777427872797529,0.007906325060048038,0.0008860076275191469
0.3,11.2,0.02021617293835068,0.0014079537620407046,0.004203362690152122,0.0006472283730478899
0.3,12.6,0.01982180398438282,0.0013946431585220378,0.006206827510261287,0.0007858177528834129
0.3,14.0,0.02112112112112112,0.0014386005379808128,0.005805805805805806,0.0007601234308355539
0.3,15.4,0.02122122122122122,0.0014419317828442847,0.003703703703703704,0.0006077565271176787
0.3,16.8,0.01721894083491841,0.0013015791986643126,0.0038041846030633696,0.0006159452944241185
0.3,18.2,0.01721377101681345,0.001301191834654627,0.0032025620496397116,0.0005652310620610007
0.3,19.6,0.016713370696557244,0.001282466049837913,0.0019015212169735788,0.0004358239293584268
0.3,21.0,0.015210647453217253,0.0012243274276443276,0.0020014009806864803,0.00044707879965087466
0.3,22.4,0.013413413413413414,0.001150944850742588,0.0015015015015015015,0.0003873948557331363
0.3,23.8,0.010107074952466726,0.0010005963391702807,0.0019013309316521566,0.0004357803579767321
0.3,25.2,0.010411452597857643,0.0010155983503709646,0.0009009910901992192,0.00030019503541977476
0.3,26.6,0.0067046932852997095,0.00081635809894125,0.0015010507355148605,0.0003872786432837572
0.3,28.0,0.006003602161296778,0.0007727316227093376,0.0006003602161296778,0.0002450224478982305
0.3,29.4,0.003502451716201341,0.0005909847196627967,0.0009006304413089162,0.00030007492745174496
0.3,30.8,0.0025020016012810248,0.0004997739270003075,0.00040032025620496394,0.00020012006001518182
0.3,32.2,0.0013006503251625813,0.00036050082359313584,0.0005002501250625312,0.0002236626924354716
0.3,33.6,0.0019013309316521566,0.0004357803579767321,0.0003002101471029721,0.00017330039011700216
0.3,35.0,0.0007005604483586869,0.0002646941947891799,0.00040032025620496394,0.00020012006001518182
0.3,36.4,0.0009005403241945167,0.0003000449154754722,0.0006003602161296778,0.0002450224478982305
0.3,37.8,0.0004003603242918627,0.000200140086036992,0.00020018016214593134,0.00014153458177744576
0.3,39.2,0.0006003001500750375,0.00024499794075863923,0.00020010005002501252,0.00014147794529184135
0.3,40.6,0.0008002400720216065,0.0002828143630971842,0.0005001500450135041,0.0002236179576686436
0.3,42.0,0.000300270243218897,0.000173335076207249,0.00010009008107296567,0.00010008507193545668
0.3,43.4,0.0005002000800320128,0.00022364032281498432,0.00030012004801920766,0.00017324838700270222
0.3,44.8,0.0004003603242918627,0.000200140086036992,0.0,0.0
0.3,46.2,0.00040032025620496394,0.00020012006001518182,0.00020016012810248197,0.00014152041840533294
0.3,47.6,0.0003003604325190228,0.0001733871313845283,0.00010012014417300761,0.00010011513202591563
0.3,49.0,0.0,0.0,0.0002002002002002002,0.0001415487479847846
0.3,50.4,0.0,0.0,0.0001001001001001001,0.00010009508995969805
0.3,51.8,0.0,0.0,0.0,0.0
0.3,53.2,0.0,0.0,0.0002002002002002002,0.0001415487479847846
0.3,54.6,0.0,0.0,0.00020008003201280514,0.00014146379325212513
0.3,56.0,0.0,0.0,0.0,0.0
0.3,57.4,0.0,0.0,0.00010004001600640257,0.0001000350118788449
0.3,58.8,0.0,0.0,0.00010009008107296567,0.00010008507193545668
0.3,60.2,0.0,0.0,0.0,0.0
0.3,61.6,0.0,0.0,0.00010009008107296567,0.00010008507193545668
0.3,63.0,0.0,0.0,0.0,0.0
0.3,64.4,0.0,0.0,0.0,0.0
0.3,65.8,0.0,0.0,0.0,0.0
0.3,67.2,0.0,0.0,0.0,0.0
0.3,68.6,0.0,0.0,0.0,0.0
0.3,70.0,0.0,0.0,0.0,0.0
0.5,0.0,0.036818409204602304,0.0018836282601765516,0.009504752376188095,0.0009705215927152302
0.5,1.4,0.03803803803803804,0.0019138383806823534,0.008008008008008008,0.000891730432776581
0.5,2.8,0.032409722916875064,0.0017711223390931116,0.006201860558167451,0.0007851908722025408
0.5,4.2,0.0268,0.0016149848296501117,0.0053,0.0007260791967822794
0.5,5.6,0.02441709196437506,0.0015439424825136293,0.006004202942059442,0.0007728087164541818
0.5,7.0,0.02420968387354942,0.0015373037530562678,0.005002000800320128,0.000705618337152928
0.5,8.4,0.019013309316521565,0.0013661943051232243,0.004102872010407285,0.0006394451252571254
0.5,9.8,0.01931545236188951,0.0013768635258185513,0.004603682946357086,0.0006772117819461915
0.5,11.2,0.018507402961184475,0.0013480410919537726,0.005302120848339336,0.0007263689703155752
0.5,12.6,0.01860558167450235,0.0013514767283641141,0.0030009002700810243,0.0005470642289038546
0.5,14.0,0.02032032032032032,0.0014116420309212435,0.004004004004004004,0.0006318199047085952
0.5,15.4,0.018312818973281297,0.0013412700202197583,0.003502451716201341,0.0005909847196627967
0.5,16.8,0.016008004002001,0.0012553735549104405,0.0026013006503251626,0.0005094930618911661
0.5,18.2,0.014611689351481185,0.001200404750836302,0.002201761409127302,0.0004689000526657786
0.5,19.6,0.011409127301841474,0.0010624495050428502,0.0017013610888710969,0.0004122895002753127
0.5,21.0,0.01110666399839904,0.0010483272367537543,0.0020012007204322593,0.000447034109781418
0.5,22.4,0.0096048024012006,0.0009755669544653361,0.0013006503251625813,0.00036050082359313584
0.5,23.8,0.007405924739791833,0.0008577273802678366,0.000900720576461169,0.0003001049454325091
0.5,25.2,0.004902451225612807,0.0006986313495976613,0.0011005502751375688,0.0003316457460504853
0.5,26.6,0.003602161296778067,0.0005992779434528786,0.0014008405043025814,0.0003741280504015531
0.5,28.0,0.002701350675337669,0.0005191725224245525,0.0005002501250625312,0.0002236626924354716
0.5,29.4,0.002701891323926749,0.0005192762889108276,0.0006004202942059442,0.00024504695994120894
0.5,30.8,0.0010004001600640256,0.0003161960276941328,0.00040016006402561027,0.00020003999598798957
0.5,32.2,0.0010008006405124099,0.0003163225439650048,0.0006004803843074459,0.00024507147688904645
0.5,33.6,0.0003003003003003003,0.00017335242445971167,0.0004004004004004004,0.00020016011606721257
0.5,35.0,0.0005003502451716201,0.0002237074451042572,0.0003002101471029721,0.00017330039011700216
0.5,36.4,0.0012007204322593557,0.00034640997415260217,0.00010006003602161297,0.00010005502989097711
0.5,37.8,0.00040020010005002504,0.0002000600059881847,0.0,0.0
0.5,39.2,0.0007003501750875437,0.00026461477464695843,0.00010005002501250626,0.00010004501988355981
0.5,40.6,0.00010006003602161297,0.00010005502989097711,0.0,0.0
0.5,42.0,0.0006003001500750375,0.00024499794075863923,0.0,0.0
0.5,43.4,0.0003002101471029721,0.00017330039011700216,0.00010007004903432403,0.00010006504190169802
0.5,44.8,0.00030033036339973974,0.00017336977618512378,0.00010011012113324657,0.00010010510998965023
0.5,46.2,0.0,0.0,0.00010011012113324657,0.00010010510998965023
0.5,47.6,0.00010013016921998598,0.00010012515606909693,0.00020026033843997197,0.00014159126362667298
0.5,49.0,0.0,0.0,0.00010006003602161297,0.00010005502989097711
0.5,50.4,0.0,0.0,0.0,0.0
0.5,51.8,0.0,0.0,0.00010007004903432403,0.00010006504190169802
0.5,53.2,0.0,0.0,0.0,0.0
0.5,54.6,0.0,0.0,0.00010007004903432403,0.00010006504190169802
0.5,56.0,0.0,0.0,0.0,0.0
0.5,57.4,0.0,0.0,0.0,0.0
0.5,58.8,0.0,0.0,0.0,0.0
0.5,60.2,0.0,0.0,0.0,0.0
0.5,61.6,0.00010011012113324657,0.00010010510998965023,0.0,0.0
0.5,63.0,0.0,0.0,0.0,0.0
0.5,64.4,0.0,0.0,0.0,0.0
0.5,65.8,0.0,0.0,0.0,0.0
0.5,67.2,0.0,0.0,0.0,0.0
0.5,68.6,0.0,0.0,0.0,0.0
0.5,70.0,0.0,0.0,0.0,0.0
0.7,0.0,0.03750750150030006,0.0019002081573761273,0.008501700340068013,0.0009182106323129942
0.7,1.4,0.0335167583791896,0.0018002663714567799,0.007703851925962982,0.000874547125936804
0.7,2.8,0.0334033403340334,0.0017969637243747819,0.006900690069006901,0.0008278741402635142
0.7,4.2,0.02751926348443911,0.0016364809840566856,0.005603922745922145,0.000746754463755246
0.7,5.6,0.023607082124637392,0.0015184434401597218,0.0047014104231269385,0.000684157246294536
0.7,7.0,0.020112067240344207,0.0014042579404740566,0.004702821693015809,0.0006843621314992298
0.7,8.4,0.0192096048024012,0.0013729537827685556,0.004602301150575288,0.0006770089866859205
0.7,9.8,0.018509254627313655,0.0013481746917759824,0.005102551275637819,0.0007126748749257307
0.7,11.2,0.01720688275310124,0.0013006757077845942,0.0037014805922368946,0.0006073924049407028
0.7,12.6,0.018511106663998397,0.0013483083180784753,0.0043025815489293575,0.0006547244707309796
0.7,14.0,0.018009004502251125,0.0013301701779321444,0.0034017008504252126,0.000582393783822132
0.7,15.4,0.017208604302151074,0.0013008047011167855,0.002301150575287644,0.0004792706733370091
0.7,16.8,0.017503500700140028,0.0013115093700403224,0.002000400080016003,0.0004468554396114806
0.7,18.2,0.012308616031221855,0.0011029791450239805,0.0014009806864805363,0.0003741654631514448
0.7,19.6,0.008708708708708709,0.0009295971498420978,0.0016016016016016017,0.00040007963095143586
0.7,21.0,0.00820328131252501,0.0009021775426991515,0.0017006802721088435,0.00041212465901219344
0.7,22.4,0.005302651325662831,0.000726441449841728,0.0006003001500750375,0.00024499794075863923
0.7,23.8,0.005302651325662831,0.000726441449841728,0.0010005002501250625,0.0003162276472731412
0.7,25.2,0.0028008402520756227,0.0005285672801135911,0.0008002400720216065,0.0002828143630971842
0.7,26.6,0.0033026421136909527,0.0005739660412334289,0.0005004003202562049,0.0002237298281552425
0.7,28.0,0.0020008003201280513,0.0004469447568402268,0.00010004001600640257,0.0001000350118788449
0.7,29.4,0.0011004401760704283,0.00033161258647997153,0.000900360144057623,0.00029998490952919555
0.7,30.8,0.001201321453598959,0.00034658326559774895,0.0004004404845329863,0.00020018015010704704
0.7,32.2,0.0009004502251125563,0.00030001490950188925,0.00020010005002501252,0.00014147794529184135
0.7,33.6,0.0008001600320064013,0.00028278608732962014,0.0003000600120024005,0.000173213735595072
0.7,35.0,0.0009006304413089162,0.00030007492745174496,0.00010007004903432403,0.00010006504190169802
0.7,36.4,0.0005001000200040008,0.00022359559699510723,0.0,0.0
0.7,37.8,0.00010005002501250626,0.00010004501988355981,0.00030015007503751874,0.00017326571790604776
0.7,39.2,0.0004003603242918627,0.000200140086036992,0.0,0.0
0.7,40.6,0.00040020010005002504,0.0002000600059881847,0.0,0.0
0.7,42.0,0.0,0.0,0.00010007004903432403,0.00010006504190169802
0.7,43.4,0.0,0.0,0.0,0.0
0.7,44.8,0.00010003000900270081,0.00010002500587623143,0.00010003000900270081,0.00010002500587623143
0.7,46.2,0.00010004001600640257,0.0001000350118788449,0.0,0.0
0.7,47.6,0.0,0.0,0.0,0.0
0.7,49.0,0.0,0.0,0.0,0.0
0.7,50.4,0.0,0.0,0.0,0.0
0.7,51.8,0.0,0.0,0.0,0.0
0.7,53.2,0.0,0.0,0.0,0.0
0.7,54.6,0.0,0.0,0.0,0.0
0.7,56.0,0.0,0.0,0.0,0.0
0.7,57.4,0.0,0.0,0.0,0.0
0.7,58.8,0.0,0.0,0.0,0.0
0.7,60.2,0.0,0.0,0.0,0.0
0.7,61.6,0.0,0.0,0.0,0.0
0.7,63.0,0.0,0.0,0.0,0.0
0.7,64.4,0.0,0.0,0.0,0.0
0.7,65.8,0.0,0.0,0.0,0.0
0.7,67.2,0.0,0.0,0.0,0.0
0.7,68.6,0.0,0.0,0.0,0.0
0.7,70.0,0.0,0.0,0.0,0.0
1.0,0.0,0.03340668133626725,0.0025415402576093654,0.0068013602720544105,0.0011624502622578185
1.0,0.8,0.03480696139227846,0.002592379496229955,0.007401480296059212,0.001212284456642918
1.0,1.6,0.03441376550620248,0.0025784784409425415,0.007202881152460984,0.0011961489204981564
1.0,2.4,0.030012004801920768,0.0024134180550873276,0.005402160864345739,0.001036834371861853
1.0,3.2,0.0292,0.002381065307798171,0.0042,0.0009145884320283086
1.0,4.0,0.02500500100020004,0.002208376229302887,0.0028005601120224045,0.0007474323554954516
1.0,4.8,0.022004400880176037,0.0020748258782126968,0.0072014402880576115,0.0011959105106808545
1.0,5.6,0.0224,0.0020927608559030346,0.0034,0.0008232180756032997
1.0,6.4,0.020412247348409046,0.002000379567073885,0.006203722233340004,0.0011107598684006652
1.0,7.2,0.020004000800160033,0.0019802910041005666,0.004800960192038408,0.0009776366141488557
1.0,8.0,0.02,0.001979898987322333,0.0046,0.0009569576793150258
1.0,8.8,0.017203440688137627,0.0018390684864640176,0.004200840168033607,0.000914771000403863
1.0,9.6,0.019007603041216486,0.0019315162737121969,0.0024009603841536613,0.0006922650121277859
1.0,10.4,0.014205682272909163,0.001673886773825129,0.004601840736294518,0.0009573397303832155
1.0,11.2,0.0176,0.001859582748898258,0.0048,0.0009774415583552807
1.0,12.0,0.015815815815815815,0.0017652907433586653,0.003003003003003003,0.000774206943642962
1.0,12.8,0.017807122849139656,0.0018706698284940491,0.004201680672268907,0.0009149536416813741
1.0,13.6,0.014016820184221065,0.0016635476115867784,0.002803364036844213,0.0007481796339796149
1.0,14.4,0.0192,0.0019406885376072069,0.0028,0.0007472830788931328
1.0,15.2,0.013202640528105622,0.0016143690407457003,0.0018003600720144029,0.0005995795645750037
1.0,16.0,0.013405362144857944,0.001626711455110557,0.0022008803521408565,0.0006628597504621898
1.0,16.8,0.0118,0.0015271385005951488,0.0016,0.0005652326954449822
1.0,17.6,0.010802160432086417,0.00146202676338997,0.0010002000400080016,0.0004470793038806265
1.0,18.4,0.010606363818290974,0.0014491493343492766,0.0006003602161296778,0.00034651406890353264
1.0,19.2,0.009807846277021618,0.0013942329770023785,0.0006004803843074459,0.000346583406367294
1.0,20.0,0.008805283169901942,0.0013215891912520383,0.0006003602161296778,0.00034651406890353264
1.0,20.8,0.006206206206206206,0.0011112032283795848,0.0012012012012012011,0.0004900937208639968
1.0,21.6,0.004202521512907745,0.0009151363559045162,0.0006003602161296778,0.00034651406890353264
1.0,22.4,0.004602761656994196,0.0009575308703353679,0.00020012007204322593,0.00020010004701970623
1.0,23.2,0.0026010404161664665,0.0007204600100174892,0.00040016006402561027,0.0002828992753432744
1.0,24.0,0.003001200480192077,0.0007737429330368868,0.00020008003201280514,0.0002000600150018989
1.0,24.8,0.002400480096019204,0.0006921266980393052,0.00040008001600320064,0.00028284269549500143
1.0,25.6,0.0026026026026026027,0.0007208921541791551,0.0006006006006006006,0.0003466527715854579
1.0,26.4,0.0020012007204322593,0.0006322017008962645,0.00020012007204322593,0.00020010004701970623
1.0,27.2,0.0014008405043025814,0.0005290969629420813,0.00020012007204322593,0.00020010004701970623
1.0,28.0,0.0014008405043025814,0.0005290969629420813,0.00040024014408645187,0.0002829558778325389
1.0,28.8,0.001,0.0004469899327725402,0.0004,0.0002827861382741382
1.0,29.6,0.0006003602161296778,0.00034651406890353264,0.00020012007204322593,0.00020010004701970623
1.0,30.4,0.00040024014408645187,0.0002829558778325389,0.00020012007204322593,0.00020010004701970623
1.0,31.2,0.0014011208967173738,0.000529202792761645,0.00020016012810248197,0.00020014009506153679
1.0,32.0,0.0,0.0,0.00020008003201280514,0.0002000600150018989
1.0,32.8,0.00040024014408645187,0.0002829558778325389,0.00040024014408645187,0.0002829558778325389
1.0,33.6,0.00040016006402561027,0.0002828992753432744,0.00020008003201280514,0.0002000600150018989
1.0,34.4,0.00040008001600320064,0.00028284269549500143,0.00020004000800160032,0.00020001999899849936
1.0,35.2,0.00040016006402561027,0.0002828992753432744,0.0,0.0
1.0,36.0,0.00040016006402561027,0.0002828992753432744,0.00020008003201280514,0.0002000600150018989
1.0,36.8,0.00040016006402561027,0.0002828992753432744,0.0,0.0
1.0,37.6,0.00020012007204322593,0.00020010004701970623,0.0,0.0
1.0,38.4,0.0,0.0,0.0,0.0
1.0,39.2,0.00020004000800160032,0.00020001999899849936,0.00020004000800160032,0.00020001999899849936
1.0,40.0,0.00040008001600320064,0.00028284269549500143,0.0,0.0
1.0,40.8,0.0,0.0,0.0,0.0
1.0,41.6,0.0,0.0,0.0,0.0
1.0,42.4,0.0,0.0,0.00020004000800160032,0.00020001999899849936
1.0,43.2,0.0,0.0,0.0,0.0
1.0,44.0,0.00020008003201280514,0.0002000600150018989,0.0,0.0
3.0,0.0,0.02460984393757503,0.0021915202504635732,0.0070028011204481795,0.0011795375801322752
3.0,1.0,0.029217530518310986,0.0023824732932690757,0.004802881729037423,0.0009780269593762845
3.0,2.0,0.0278,0.002324958494253177,0.006,0.0010921538353180836
3.0,3.0,0.020404080816163232,0.001999587590116585,0.0036007201440288058,0.0008471685373057466
3.0,4.0,0.022813688212927757,0.002112184073784088,0.003201921152691615,0.0007991977232983509
3.0,5.0,0.01900380076015203,0.0019311336356627037,0.0030006001200240046,0.0007735883864091166
3.0,6.0,0.014002800560112022,0.0016618955462598982,0.0036007201440288058,0.0008471685373057466
3.0,7.0,0.013602720544108821,0.0016383144150028167,0.0028005601120224045,0.0007474323554954516
3.0,8.0,0.015006002400960384,0.0017196939836899958,0.0028011204481792717,0.0007475816917482314
3.0,9.0,0.012,0.0015398701243936126,0.002,0.0006318227599572526
3.0,10.0,0.014002800560112022,0.0016618955462598982,0.0034006801360272052,0.0008233824711922768
3.0,11.0,0.012007204322593557,0.0015407889835421633,0.002601560936561937,0.000720604000492902
3.0,12.0,0.0122,0.0015524921899964586,0.0012,0.0004896039215529222
3.0,13.0,0.0122,0.0015524921899964586,0.0018,0.0005994597567810536
3.0,14.0,0.011,0.0014750593208410297,0.0008,0.00039983996798719363
3.0,15.0,0.008204922953772264,0.0012761259879577995,0.0010006003602161296,0.0004472581533527336
3.0,16.0,0.0072014402880576115,0.0011959105106808545,0.0008001600320064013,0.00039991991995197115
3.0,17.0,0.006001200240048009,0.0010923716502682743,0.00040008001600320064,0.00028284269549500143
3.0,18.0,0.0058011602320464095,0.0010741192209535544,0.0,0.0
3.0,19.0,0.002400480096019204,0.0006921266980393052,0.0010002000400080016,0.0004470793038806265
3.0,20.0,0.002801681008605163,0.0007477310876872335,0.00040024014408645187,0.0002829558778325389
3.0,21.0,0.0010004001600640256,0.0004471687107335413,0.00020008003201280514,0.0002000600150018989
3.0,22.0,0.0022013207924754855,0.0006629922556768461,0.0006003602161296778,0.00034651406890353264
3.0,23.0,0.0008,0.00039983996798719363,0.0004,0.0002827861382741382
3.0,24.0,0.0006002400960384153,0.00034644475917751914,0.00020008003201280514,0.0002000600150018989
3.0,25.0,0.0014,0.0005287797272967262,0.0002,0.0001999799989999
3.0,26.0,0.0008,0.00039983996798719363,0.0,0.0
3.0,27.0,0.001,0.0004469899327725402,0.0002,0.0001999799989999
3.0,28.0,0.0,0.0,0.0,0.0
3.0,29.0,0.0002,0.0001999799989999,0.0,0.0
3.0,30.0,0.0,0.0,0.0,0.0
3.0,31.0,0.0,0.0,0.0006002400960384153,0.00034644475917751914
3.0,32.0,0.00020008003201280514,0.0002000600150018989,0.0,0.0
3.0,33.0,0.00020004000800160032,0.00020001999899849936,0.0,0.0
3.0,34.0,0.0,0.0,0.0,0.0
3.0,35.0,0.0,0.0,0.0,0.0
3.0,36.0,0.0,0.0,0.00040016006402561027,0.0002828992753432744
3.0,37.0,0.0,0.0,0.00020004000800160032,0.00020001999899849936
3.0,38.0,0.0,0.0,0.0,0.0
3.0,39.0,0.0,0.0,0.00040008001600320064,0.00028284269549500143
5.0,0.0,0.02541016406562625,0.0022259558570079012,0.006002400960384154,0.001092589552114948
5.0,1.0,0.0228,0.0021109315479190694,0.0058,0.001073905023733477
5.0,2.0,0.01860372074414883,0.0019110873644884612,0.005201040208041608,0.0010173518952333728
5.0,3.0,0.019403880776155232,0.0019509575301509994,0.004000800160032006,0.0008928147485662132
5.0,4.0,0.01740348069613923,0.001849541584278132,0.0036007201440288058,0.0008471685373057466
5.0,5.0,0.015003000600120024,0.001719352595976876,0.002000400080016003,0.0006319490231187474
5.0,6.0,0.012004801920768308,0.001540482575347175,0.003201280512204882,0.0007990380765623942
5.0,7.0,0.0096,0.0013789735312905755,0.0032,0.0007987189743583158
5.0,8.0,0.010402080416083216,0.001434986851951322,0.0036007201440288058,0.0008471685373057466
5.0,9.0,0.0108,0.0014617359542680752,0.0026,0.0007201722016295824
5.0,10.0,0.010602120424084817,0.0014485726650302286,0.002400480096019204,0.0006921266980393052
5.0,11.0,0.00900360144057623,0.001336121779217245,0.0014005602240896359,0.0005289911754416559
5.0,12.0,0.011602320464092819,0.0015145956968158946,0.0008001600320064013,0.00039991991995197115
5.0,13.0,0.009601920384076815,0.0013792480439849461,0.00040008001600320064,0.00028284269549500143
5.0,14.0,0.0058011602320464095,0.0010741192209535544,0.00040008001600320064,0.00028284269549500143
5.0,15.0,0.006601320264052811,0.0011453431490826987,0.0008001600320064013,0.00039991991995197115
5.0,16.0,0.004802881729037423,0.0009780269593762845,0.00040024014408645187,0.0002829558778325389
5.0,17.0,0.004401760704281713,0.0009363908225232631,0.0006002400960384153,0.00034644475917751914
5.0,18.0,0.0018003600720144029,0.0005995795645750037,0.0,0.0
5.0,19.0,0.0010002000400080016,0.0004470793038806265,0.00020004000800160032,0.00020001999899849936
5.0,20.0,0.0014,0.0005287797272967262,0.0004,0.0002827861382741382
5.0,21.0,0.001,0.0004469899327725402,0.0004,0.0002827861382741382
5.0,22.0,0.002000400080016003,0.0006319490231187474,0.0,0.0
5.0,23.0,0.0010002000400080016,0.0004470793038806265,0.00020004000800160032,0.00020001999899849936
5.0,24.0,0.0004,0.0002827861382741382,0.0,0.0
5.0,25.0,0.0006,0.00034630622287218577,0.0002,0.0001999799989999
5.0,26.0,0.001,0.0004469899327725402,0.0004,0.0002827861382741382
5.0,27.0,0.0006004803843074459,0.000346583406367294,0.0,0.0
5.0,28.0,0.00020004000800160032,0.00020001999899849936,0.0,0.0
5.0,29.0,0.0002,0.0001999799989999,0.0,0.0
5.0,30.0,0.00040008001600320064,0.00028284269549500143,0.0,0.0
5.0,31.0,0.0,0.0,0.0002,0.0001999799989999
5.0,32.0,0.0,0.0,0.0002,0.0001999799989999
5.0,33.0,0.0,0.0,0.0,0.0
5.0,34.0,0.0,0.0,0.00020004000800160032,0.00020001999899849936
5.0,35.0,0.0,0.0,0.00040008001600320064,0.00028284269549500143
5.0,36.0,0.0,0.0,0.00020008003201280514,0.0002000600150018989
5.0,37.0,0.0,0.0,0.00040016006402561027,0.0002828992753432744
5.0,38.0,0.0,0.0,0.00020008003201280514,0.0002000600150018989
5.0,39.0,0.0,0.0,0.0,0.0
7.0,0.0,0.023609443777511004,0.002147615535751516,0.006602641056422569,0.0011455715478175033
7.0,1.0,0.0234093637454982,0.00213871520497635,0.004201680672268907,0.0009149536416813741
7.0,2.0,0.01820364072814563,0.0018908116437688042,0.006001200240048009,0.0010923716502682743
7.0,3.0,0.021404280856171236,0.0020469649573325835,0.004000800160032006,0.0008928147485662132
7.0,4.0,0.0122,0.0015524921899964586,0.0028,0.0007472830788931328
7.0,5.0,0.011,0.0014750593208410297,0.0036,0.0008469994096810222
7.0,6.0,0.00980392156862745,0.00139367782261541,0.001800720288115246,0.0005996994202679465
7.0,7.0,0.013007804682809685,0.0016028917297082207,0.0014008405043025814,0.0005290969629420813
7.0,8.0,0.010002000400080016,0.0014074047872813336,0.002600520104020804,0.0007203160770745409
7.0,9.0,0.008401680336067214,0.0012909499336015181,0.0030006001200240046,0.0007735883864091166
7.0,10.0,0.010602120424084817,0.0014485726650302286,0.0008001600320064013,0.00039991991995197115
7.0,11.0,0.00840504302581549,0.0012914644337883177,0.0010006003602161296,0.0004472581533527336
7.0,12.0,0.008401680336067214,0.0012909499336015181,0.0008001600320064013,0.00039991991995197115
7.0,13.0,0.00620124024804961,0.0011103168620686414,0.0,0.0
7.0,14.0,0.005,0.000997496867163,0.0004,0.0002827861382741382
7.0,15.0,0.0036007201440288058,0.0008471685373057466,0.0008001600320064013,0.00039991991995197115
7.0,16.0,0.0016003200640128026,0.0005653456739794881,0.00040008001600320064,0.00028284269549500143
7.0,17.0,0.0034,0.0008232180756032997,0.0004,0.0002827861382741382
7.0,18.0,0.002000400080016003,0.0006319490231187474,0.00020004000800160032,0.00020001999899849936
7.0,19.0,0.0010002000400080016,0.0004470793038806265,0.00040008001600320064,0.00028284269549500143
7.0,20.0,0.0014002800560112022,0.0005288854302349904,0.00040008001600320064,0.00028284269549500143
7.0,21.0,0.00020008003201280514,0.0002000600150018989,0.0,0.0
7.0,22.0,0.0006002400960384153,0.00034644475917751914,0.0,0.0
7.0,23.0,0.0004,0.0002827861382741382,0.0,0.0
7.0,24.0,0.0,0.0,0.0,0.0
7.0,25.0,0.00020004000800160032,0.00020001999899849936,0.00020004000800160032,0.00020001999899849936
7.0,26.0,0.0002,0.0001999799989999,0.0002,0.0001999799989999
7.0,27.0,0.0,0.0,0.0,0.0
7.0,28.0,0.00020008003201280514,0.0002000600150018989,0.0,0.0
7.0,29.0,0.0,0.0,0.0,0.0
7.0,30.0,0.0,0.0,0.0,0.0
7.0,31.0,0.0,0.0,0.0,0.0
7.0,32.0,0.0,0.0,0.0,0.0
7.0,33.0,0.0,0.0,0.0,0.0
7.0,34.0,0.00020004000800160032,0.00020001999899849936,0.0,0.0
7.0,35.0,0.0,0.0,0.0,0.0
7.0,36.0,0.0,0.0,0.0,0.0
7.0,37.0,0.0,0.0,0.0,0.0
7.0,38.0,0.0,0.0,0.0,0.0
7.0,39.0,0.0,0.0,0.0,0.0
10.0,0.0,0.020702070207020702,0.0014239214180694496,0.0049004900490049,0.0006983525572788261
10.0,0.5,0.0205,0.0014170303454760593,0.0053,0.0007260791967822794
10.0,1.0,0.01900380076015203,0.0013655176891545296,0.005901180236047209,0.0007659980296209424
10.0,1.5,0.018103620724144828,0.0013333954975147744,0.004300860172034407,0.0006544630942764117
10.0,2.0,0.015407703851925964,0.0012319860170338032,0.0036018009004502253,0.000599218094047978
10.0,2.5,0.013102620524104821,0.0011372567241049478,0.002400480096019204,0.0004894074816238467
10.0,3.0,0.0131,0.0011370307823449638,0.0039,0.0006232808355789547
10.0,3.5,0.013003901170351105,0.0011330777254936607,0.0028008402520756227,0.0005285672801135911
10.0,4.0,0.0121012101210121,0.0010934334196128423,0.0024002400240024004,0.0004893585948631068
10.0,4.5,0.009201840368073614,0.0009549340448415325,0.003100620124024805,0.0005560237947958753
10.0,5.0,0.0102010201020102,0.00100488651537362,0.0027002700270027003,0.0005189651138153054
10.0,5.5,0.008502550765229568,0.0009183020871088026,0.0023006902070621185,0.0004791749009902818
10.0,6.0,0.007601520304060812,0.0008686337687642727,0.002400480096019204,0.0004894074816238467
10.0,6.5,0.007801560312062412,0.0008799002453484824,0.002400480096019204,0.0004894074816238467
10.0,7.0,0.008001600320064013,0.0008910197834442815,0.0015003000600120023,0.0003870851107324889
10.0,7.5,0.009500950095009501,0.0009701352073098935,0.0025002500250025004,0.0004994244887502954
10.0,8.0,0.008000800080008,0.0008909310319093933,0.0019001900190019003,0.00043551911253020406
10.0,8.5,0.0087,0.0009286716319560968,0.0017,0.000411959949509658
10.0,9.0,0.007603041216486595,0.0008688068992854503,0.0013005202080832333,0.000360464782566825
10.0,9.5,0.007500750075007501,0.0008628576560855471,0.0014001400140014,0.00037394109882279335
10.0,10.0,0.006900690069006901,0.0008278741402635142,0.0014001400140014,0.00037394109882279335
10.0,10.5,0.0049004900490049,0.0006983525572788261,0.0015001500150015,0.0003870464274309968
10.0,11.0,0.006000600060006,0.0007723463845881357,0.0014001400140014,0.00037394109882279335
10.0,11.5,0.0057,0.0007528286657666537,0.001,0.0003160696125855822
10.0,12.0,0.0058005800580058,0.0007594412472340745,0.0006000600060006001,0.00024489996120473286
10.0,12.5,0.0033006601320264054,0.000573622163056062,0.0008001600320064013,0.00028278608732962014
10.0,13.0,0.004300860172034407,0.0006544630942764117,0.0003000600120024005,0.000173213735595072
10.0,13.5,0.0047014104231269385,0.000684157246294536,0.00030009002700810244,0.00017323105956605698
10.0,14.0,0.0033003300330033004,0.0005735648900830396,0.00030003000300030005,0.00017319641508870765
10.0,14.5,0.0030006001200240046,0.0005470095938770456,0.00020004000800160032,0.00014143549766476536
10.0,15.0,0.0028005601120224045,0.0005285144870490681,0.00020004000800160032,0.00014143549766476536
10.0,15.5,0.0018005401620486145,0.00042400914712350217,0.0005001500450135041,0.0002236179576686436
10.0,16.0,0.0015003000600120023,0.0003870851107324889,0.0005001000200040008,0.00022359559699510723
10.0,16.5,0.0018001800180018,0.0004239244132876483,0.00020002000200020003,0.00014142135411542337
10.0,17.0,0.0007000700070007,0.00026450895523089487,0.00030003000300030005,0.00017319641508870765
10.0,17.5,0.0015003000600120023,0.0003870851107324889,0.0,0.0
10.0,18.0,0.000600120024004801,0.0002449244487454807,0.0003000600120024005,0.000173213735595072
10.0,18.5,0.0006000600060006001,0.00024489996120473286,0.00030003000300030005,0.00017319641508870765
10.0,19.0,0.0009001800360072014,0.0002999249275792765,0.0007001400280056011,0.00026453540214964923
10.0,19.5,0.0005001500450135041,0.0002236179576686436,0.00010003000900270081,0.00010002500587623143
10.0,20.0,0.0006000600060006001,0.00024489996120473286,0.00020002000200020003,0.00014142135411542337
10.0,20.5,0.0005000500050005,0.0002235732407930336,0.0005000500050005,0.0002235732407930336
10.0,21.0,0.0001,9.999499987499376e-05,0.0,0.0
10.0,21.5,0.0001,9.999499987499376e-05,0.0001,9.999499987499376e-05
10.0,22.0,0.0002,0.00014140721339450828,0.0002,0.00014140721339450828
10.0,22.5,0.00010002000400080016,0.00010001500187511871,0.00020004000800160032,0.00014143549766476536
10.0,23.0,0.0,0.0,0.00010001000100010001,0.00010000499987490623
10.0,23.5,0.00010001000100010001,0.00010000499987490623,0.0,0.0
10.0,24.0,0.0001,9.999499987499376e-05,0.0001,9.999499987499376e-05
10.0,24.5,0.00010001000100010001,0.00010000499987490623,0.00030003000300030005,0.00017319641508870765
10.0,25.0,0.0,0.0,0.00030003000300030005,0.00017319641508870765
10.0,25.5,0.0,0.0,0.0,0.0
10.0,26.0,0.00010002000400080016,0.00010001500187511871,0.00010002000400080016,0.00010001500187511871
10.0,26.5,0.00010001000100010001,0.00010000499987490623,0.00020002000200020003,0.00014142135411542337
10.0,27.0,0.0001,9.999499987499376e-05,0.0001,9.999499987499376e-05
10.0,27.5,0.0,0.0,0.0,0.0
10.0,28.0,0.0,0.0,0.0001,9.999499987499376e-05
10.0,28.5,0.0,0.0,0.00030003000300030005,0.00017319641508870765
10.0,29.0,0.0,0.0,0.0,0.0
10.0,29.5,0.0,0.0,0.00010002000400080016,0.00010001500187511871
10.0,30.0,0.0,0.0,0.00010003000900270081,0.00010002500587623143
10.0,30.5,0.0,0.0,0.0,0.0
10.0,31.0,0.0,0.0,0.0,0.0
10.0,31.5,0.0,0.0,0.0,0.0
10.0,32.0,0.0,0.0,0.0,0.0
10.0,32.5,0.0,0.0,0.0,0.0
10.0,33.0,0.0,0.0,0.0,0.0
15.0,0.0,0.0136,0.0016379890109521492,0.0046,0.0009569576793150258
15.0,0.5,0.016606642657062826,0.0018076170521179346,0.003601440576230492,0.0008473377324859506
15.0,1.0,0.014402880576115223,0.0016851277258818048,0.004200840168033607,0.000914771000403863
15.0,1.5,0.0156,0.0017525204706365061,0.003,0.0007734339015067804
15.0,2.0,0.0114,0.0015013354055639933,0.0024,0.0006919884392097891
15.0,2.5,0.0098,0.0013931231101377939,0.0028,0.0007472830788931328
15.0,3.0,0.0068,0.0011622185680843344,0.0028,0.0007472830788931328
15.0,3.5,0.0094,0.001364671389016418,0.001,0.0004469899327725402
15.0,4.0,0.0074,0.001212042903531059,0.0028,0.0007472830788931328
15.0,4.5,0.0064,0.0011277446519491901,0.0018,0.0005994597567810536
15.0,5.0,0.0074,0.001212042903531059,0.0018,0.0005994597567810536
15.0,5.5,0.009,0.001335589757373124,0.0016,0.0005652326954449822
15.0,6.0,0.0058,0.001073905023733477,0.0012,0.0004896039215529222
15.0,6.5,0.0072,0.0011956721958797903,0.0016,0.0005652326954449822
15.0,7.0,0.00640128025605121,0.0011279695193019334,0.0022004400880176033,0.0006627272982016706
15.0,7.5,0.005201040208041608,0.0010173518952333728,0.002400480096019204,0.0006921266980393052
15.0,8.0,0.0058,0.001073905023733477,0.001,0.0004469899327725402
15.0,8.5,0.005601120224044809,0.001055543637056312,0.001200240048009602,0.0004897018030787092
15.0,9.0,0.0046,0.0009569576793150258,0.0008,0.00039983996798719363
15.0,9.5,0.0058,0.001073905023733477,0.0008,0.00039983996798719363
15.0,10.0,0.0034,0.0008232180756032997,0.0008,0.00039983996798719363
15.0,10.5,0.0034027221777421937,0.0008238760521486849,0.0010008006405124099,0.0004473476317596694
15.0,11.0,0.004200840168033607,0.000914771000403863,0.00040008001600320064,0.00028284269549500143
15.0,11.5,0.0028,0.0007472830788931328,0.0002,0.0001999799989999
15.0,12.0,0.0012,0.0004896039215529222,0.0008,0.00039983996798719363
15.0,12.5,0.002,0.0006318227599572526,0.0006,0.00034630622287218577
15.0,13.0,0.0034006801360272052,0.0008233824711922768,0.00020004000800160032,0.00020001999899849936
15.0,13.5,0.0024009603841536613,0.0006922650121277859,0.0,0.0
15.0,14.0,0.0022,0.0006625948988635515,0.0002,0.0001999799989999
15.0,14.5,0.0022,0.0006625948988635515,0.0004,0.0002827861382741382
15.0,15.0,0.0006,0.00034630622287218577,0.0012,0.0004896039215529222
15.0,15.5,0.0006,0.00034630622287218577,0.0002,0.0001999799989999
15.0,16.0,0.0016,0.0005652326954449822,0.0,0.0
15.0,16.5,0.00020004000800160032,0.00020001999899849936,0.00020004000800160032,0.00020001999899849936
15.0,17.0,0.0010002000400080016,0.0004470793038806265,0.0,0.0
15.0,17.5,0.001,0.0004469899327725402,0.0004,0.0002827861382741382
15.0,18.0,0.00040008001600320064,0.00028284269549500143,0.001200240048009602,0.0004897018030787092
15.0,18.5,0.0008001600320064013,0.00039991991995197115,0.0,0.0
15.0,19.0,0.0006,0.00034630622287218577,0.0006,0.00034630622287218577
15.0,19.5,0.0,0.0,0.00020008003201280514,0.0002000600150018989
15.0,20.0,0.0,0.0,0.0,0.0
15.0,20.5,0.00020008003201280514,0.0002000600150018989,0.0,0.0
15.0,21.0,0.0002,0.0001999799989999,0.0002,0.0001999799989999
15.0,21.5,0.0002,0.0001999799989999,0.0,0.0
15.0,22.0,0.0,0.0,0.0002,0.0001999799989999
15.0,22.5,0.0,0.0,0.0,0.0
15.0,23.0,0.00020008003201280514,0.0002000600150018989,0.00020008003201280514,0.0002000600150018989
15.0,23.5,0.0,0.0,0.0,0.0
15.0,24.0,0.0,0.0,0.0,0.0
15.0,24.5,0.00040008001600320064,0.00028284269549500143,0.0,0.0
15.0,25.0,0.0,0.0,0.0,0.0
20.0,0.0,0.012,0.0015398701243936126,0.0056,0.001055333122762666
20.0,0.5,0.0094,0.001364671389016418,0.004,0.000892636544176856
20.0,1.0,0.0104,0.0014347013626535663,0.0036,0.0008469994096810222
20.0,1.5,0.009001800360072015,0.0013358557153256927,0.002600520104020804,0.0007203160770745409
20.0,2.0,0.0066,0.001145114841402381,0.0026,0.0007201722016295824
20.0,2.5,0.006,0.0010921538353180836,0.0032,0.0007987189743583158
20.0,3.0,0.0066,0.001145114841402381,0.0022,0.0006625948988635515
20.0,3.5,0.0054,0.0010364207639757127,0.0016,0.0005652326954449822
20.0,4.0,0.0044,0.0009360170938610044,0.0018,0.0005994597567810536
20.0,4.5,0.0042,0.0009145884320283086,0.0012,0.0004896039215529222
20.0,5.0,0.004000800160032006,0.0008928147485662132,0.0016003200640128026,0.0005653456739794881
20.0,5.5,0.007001400280056011,0.0011793024572568428,0.0016003200640128026,0.0005653456739794881
20.0,6.0,0.0054,0.0010364207639757127,0.0008,0.00039983996798719363
20.0,6.5,0.0038,0.0008701218305501822,0.0014,0.0005287797272967262
20.0,7.0,0.004401760704281713,0.0009363908225232631,0.0010004001600640256,0.0004471687107335413
20.0,7.5,0.004,0.000892636544176856,0.0012,0.0004896039215529222
20.0,8.0,0.005001000200040008,0.0009976959049888938,0.000600120024004801,0.00034637547717261273
20.0,8.5,0.0042,0.0009145884320283086,0.0008,0.00039983996798719363
20.0,9.0,0.0026010404161664665,0.0007204600100174892,0.0008003201280512205,0.00039999990389751164
20.0,9.5,0.003,0.0007734339015067804,0.0004,0.0002827861382741382
20.0,10.0,0.0028,0.0007472830788931328,0.0004,0.0002827861382741382
20.0,10.5,0.0026,0.0007201722016295824,0.001,0.0004469899327725402
20.0,11.0,0.0022004400880176033,0.0006627272982016706,0.0010002000400080016,0.0004470793038806265
20.0,11.5,0.0022,0.0006625948988635515,0.0,0.0
20.0,12.0,0.0024,0.0006919884392097891,0.0,0.0
20.0,12.5,0.0016,0.0005652326954449822,0.0002,0.0001999799989999
20.0,13.0,0.0004,0.0002827861382741382,0.0002,0.0001999799989999
20.0,13.5,0.0012,0.0004896039215529222,0.0008,0.00039983996798719363
20.0,14.0,0.00040008001600320064,0.00028284269549500143,0.00040008001600320064,0.00028284269549500143
20.0,14.5,0.0006,0.00034630622287218577,0.0004,0.0002827861382741382
20.0,15.0,0.0008,0.00039983996798719363,0.0,0.0
20.0,15.5,0.001,0.0004469899327725402,0.0,0.0
20.0,16.0,0.0,0.0,0.0,0.0
20.0,16.5,0.0,0.0,0.0002,0.0001999799989999
20.0,17.0,0.00040008001600320064,0.00028284269549500143,0.00040008001600320064,0.00028284269549500143
20.0,17.5,0.0008001600320064013,0.00039991991995197115,0.000600120024004801,0.00034637547717261273
20.0,18.0,0.0002,0.0001999799989999,0.0,0.0
20.0,18.5,0.0,0.0,0.0004,0.0002827861382741382
20.0,19.0,0.0,0.0,0.0,0.0
20.0,19.5,0.0,0.0,0.0002,0.0001999799989999
20.0,20.0,0.0,0.0,0.0,0.0
20.0,20.5,0.0,0.0,0.0002,0.0001999799989999
20.0,21.0,0.0,0.0,0.0,0.0
20.0,21.5,0.0,0.0,0.0,0.0
20.0,22.0,0.0002,0.0001999799989999,0.0,0.0
20.0,22.5,0.0002,0.0001999799989999,0.0,0.0
20.0,23.0,0.0002,0.0001999799989999,0.0,0.0
20.0,23.5,0.0,0.0,0.0,0.0
20.0,24.0,0.0,0.0,0.0,0.0
20.0,24.5,0.0,0.0,0.0,0.0
20.0,25.0,0.0,0.0,0.0,0.0
25.0,0.0,0.0082,0.0012753634776015816,0.007,0.0011790674280973078
25.0,0.5,0.0068,0.0011622185680843344,0.0048,0.0009774415583552807
25.0,1.0,0.005,0.000997496867163,0.0034,0.0008232180756032997
25.0,1.5,0.0054,0.0010364207639757127,0.0034,0.0008232180756032997
25.0,2.0,0.004000800160032006,0.0008928147485662132,0.0022004400880176033,0.0006627272982016706
25.0,2.5,0.004001600640256103,0.0008929930241221671,0.0012004801920768306,0.000489799723749214
25.0,3.0,0.0042,0.0009145884320283086,0.0018,0.0005994597567810536
25.0,3.5,0.003800760152030406,0.0008702955576877174,0.002000400080016003,0.0006319490231187474
25.0,4.0,0.0036,0.0008469994096810222,0.0024,0.0006919884392097891
25.0,4.5,0.005,0.000997496867163,0.0012,0.0004896039215529222
25.0,5.0,0.0034,0.0008232180756032997,0.002,0.0006318227599572526
25.0,5.5,0.0048,0.0009774415583552807,0.001,0.0004469899327725402
25.0,6.0,0.0032,0.0007987189743583158,0.0018,0.0005994597567810536
25.0,6.5,0.0036,0.0008469994096810222,0.0004,0.0002827861382741382
25.0,7.0,0.0036,0.0008469994096810222,0.0006,0.00034630622287218577
25.0,7.5,0.003,0.0007734339015067804,0.001,0.0004469899327725402
25.0,8.0,0.0026,0.0007201722016295824,0.0012,0.0004896039215529222
25.0,8.5,0.0030006001200240046,0.0007735883864091166,0.0008001600320064013,0.00039991991995197115
25.0,9.0,0.0024,0.0006919884392097891,0.0002,0.0001999799989999
25.0,9.5,0.001800720288115246,0.0005996994202679465,0.0,0.0
25.0,10.0,0.0018,0.0005994597567810536,0.0004,0.0002827861382741382
25.0,10.5,0.0022,0.0006625948988635515,0.0006,0.00034630622287218577
25.0,11.0,0.0022,0.0006625948988635515,0.0002,0.0001999799989999
25.0,11.5,0.0016003200640128026,0.0005653456739794881,0.00040008001600320064,0.00028284269549500143
25.0,12.0,0.002,0.0006318227599572526,0.0002,0.0001999799989999
25.0,12.5,0.001,0.0004469899327725402,0.0002,0.0001999799989999
25.0,13.0,0.0008,0.00039983996798719363,0.0,0.0
25.0,13.5,0.001,0.0004469899327725402,0.0002,0.0001999799989999
25.0,14.0,0.0008001600320064013,0.00039991991995197115,0.00020004000800160032,0.00020001999899849936
25.0,14.5,0.0008,0.00039983996798719363,0.0,0.0
25.0,15.0,0.0004,0.0002827861382741382,0.0,0.0
25.0,15.5,0.00040008001600320064,0.00028284269549500143,0.00020004000800160032,0.00020001999899849936
25.0,16.0,0.0006,0.00034630622287218577,0.0,0.0
25.0,16.5,0.0002,0.0001999799989999,0.0004,0.0002827861382741382
25.0,17.0,0.0,0.0,0.0,0.0
25.0,17.5,0.0,0.0,0.0,0.0
25.0,18.0,0.0004,0.0002827861382741382,0.0002,0.0001999799989999
25.0,18.5,0.0,0.0,0.0,0.0
25.0,19.0,0.0002,0.0001999799989999,0.0004,0.0002827861382741382
25.0,19.5,0.0002,0.0001999799989999,0.0002,0.0001999799989999
25.0,20.0,0.0,0.0,0.00020004000800160032,0.00020001999899849936
25.0,20.5,0.0002,0.0001999799989999,0.0,0.0
25.0,21.0,0.00020004000800160032,0.00020001999899849936,0.00020004000800160032,0.00020001999899849936
25.0,21.5,0.0002,0.0001999799989999,0.0,0.0
25.0,22.0,0.0,0.0,0.0,0.0
25.0,22.5,0.0,0.0,0.00040008001600320064,0.00028284269549500143
25.0,23.0,0.0,0.0,0.0,0.0
25.0,23.5,0.0,0.0,0.0,0.0
25.0,24.0,0.0,0.0,0.00020004000800160032,0.00020001999899849936
25.0,24.5,0.0,0.0,0.00020004000800160032,0.00020001999899849936
25.0,25.0,0.0,0.0,0.0,0.0
30.0,0.0,0.004600736117778844,0.0004280328115135258,0.0034405504880780924,0.0003703653213950921
30.0,0.5,0.005880705684682162,0.0004836041606225001,0.0033604032483898066,0.00036603348917516336
30.0,1.0,0.004840387230978478,0.0004389689405820986,0.003720297623809905,0.0003850586214946578
30.0,1.5,0.0036801472058882356,0.0003829752155138463,0.002360094403776151,0.0003068953269714697
30.0,2.0,0.003080123204928197,0.00035047161804207275,0.0019600784031361253,0.0002797366438906151
30.0,2.5,0.0036,0.0003787896513897918,0.00176,0.00026509639001691436
30.0,3.0,0.003240518482957273,0.0003594737491625353,0.002360377660425668,0.000306932116730912
30.0,3.5,0.003240259220737659,0.00035944503570851965,0.001400112008960717,0.00023649638952065154
30.0,4.0,0.00284,0.0003365670453267818,0.00136,0.00023307941994092917
30.0,4.5,0.003240259220737659,0.00035944503570851965,0.0012000960076806145,0.00021897503760813966
30.0,5.0,0.002640422467594815,0.00032458416821012367,0.001200192030724916,0.00021899254788767785
30.0,5.5,0.0023200928037121486,0.0003042895045969821,0.0010400416016640667,0.0002038628436169654
30.0,6.0,0.002760110404416177,0.0003318193664669724,0.0008000320012800512,0.0001788210196855012
30.0,6.5,0.0031201248049922,0.00035273298948384986,0.0006000240009600384,0.00015487904437679067
30.0,7.0,0.0030003600432051847,0.00034593160531197405,0.0007200864103692443,0.00016966487490817638
30.0,7.5,0.0032401296051842074,0.000359430680701581,0.0008800352014080563,0.00018754155926501096
30.0,8.0,0.002800224017921434,0.0003342218527783388,0.0007600608048643891,0.0001743036288718481
30.0,8.5,0.0030401216048641946,0.00034819537650646965,0.0006800272010880435,0.00016487473399787303
30.0,9.0,0.0019600784031361253,0.0002797366438906151,0.0005600224008960358,0.00014963036657752765
30.0,9.5,0.00176,0.00026509639001691436,0.0008,0.00017881386970814095
30.0,10.0,0.0015200608024320973,0.00024639893912322005,0.0006000240009600384,0.00015487904437679067
30.0,10.5,0.0013202112337974076,0.00022966752184650987,0.0005600896143382942,0.0001496483200628721
30.0,11.0,0.001480236837894063,0.0002431692630214368,0.000600096015362458,0.00015489762725549047
30.0,11.5,0.0010400416016640667,0.0002038628436169654,0.00036001440057602306,0.00011998319651932064
30.0,12.0,0.0011201344161299357,0.00021156691581618718,0.000320038404608553,0.00011313255534166336
30.0,12.5,0.0008800352014080563,0.00018754155926501096,0.00012000480019200768,6.92806463156609e-05
30.0,13.0,0.0007200864103692443,0.00016966487490817638,0.0001600192023042765,8.000319935974906e-05
30.0,13.5,0.0005600672080649678,0.00014964233508907442,0.00020002400288034563,8.944450664807223e-05
30.0,14.0,0.00036001440057602306,0.00011998319651932064,0.00016000640025601025,7.99967993599232e-05
30.0,14.5,0.0002800448071691471,0.00010583216597321308,0.00012001920307249159,6.928896082457984e-05
30.0,15.0,0.00036002880230418433,0.00011998799536682994,0.00016001280102408193,7.999999923183614e-05
30.0,15.5,0.00024002880345641478,9.797958759429057e-05,0.00012001440172820739,6.928618909987332e-05
30.0,16.0,0.0001600192023042765,8.000319935974906e-05,0.00012001440172820739,6.928618909987332e-05
30.0,16.5,0.0001200240048009602,6.929173277105539e-05,0.0001200240048009602,6.929173277105539e-05
30.0,17.0,0.00016002560409665546,8.000639974369269e-05,0.00020003200512081932,8.944808464291047e-05
30.0,17.5,0.00016000640025601025,7.99967993599232e-05,0.0002000080003200128,8.943735151706298e-05
30.0,18.0,4.0006401024163864e-05,4.0005600760098414e-05,0.00012001920307249159,6.928896082457984e-05
30.0,18.5,4.000160006400256e-05,4.00007999919976e-05,0.0002000080003200128,8.943735151706298e-05
30.0,19.0,8.000320012800512e-05,5.6568542359144816e-05,8.000320012800512e-05,5.6568542359144816e-05
30.0,19.5,8.000640051204096e-05,5.6570805191341616e-05,0.00012000960076806145,6.928341759690921e-05
30.0,20.0,4.000320025602048e-05,4.000240012000304e-05,4.000320025602048e-05,4.000240012000304e-05
30.0,20.5,0.0,0.0,4.000160006400256e-05,4.00007999919976e-05
30.0,21.0,4.000320025602048e-05,4.000240012000304e-05,8.000640051204096e-05,5.6570805191341616e-05
30.0,21.5,4e-05,3.999919999199984e-05,0.00012,6.927787525610179e-05
30.0,22.0,4.000320025602048e-05,4.000240012000304e-05,8.000640051204096e-05,5.6570805191341616e-05
30.0,22.5,0.0,0.0,4.000160006400256e-05,4.00007999919976e-05
30.0,23.0,4.000960230455309e-05,4.0008801912408886e-05,8.001920460910618e-05,5.6579858330756644e-05
30.0,23.5,0.0,0.0,0.0,0.0
30.0,24.0,0.0,0.0,0.0,0.0
30.0,24.5,0.0,0.0,8e-05,5.6566279707967366e-05
30.0,25.0,0.0,0.0,8e-05,5.6566279707967366e-05
30.0,25.5,0.0,0.0,0.0,0.0
30.0,26.0,0.0,0.0,4.000160006400256e-05,4.00007999919976e-05
30.0,26.5,0.0,0.0,4.000480057606913e-05,4.000400037603152e-05
30.0,27.0,0.0,0.0,4.000320025602048e-05,4.000240012000304e-05
30.0,27.5,0.0,0.0,0.0,0.0
30.0,28.0,0.0,0.0,0.0,0.0
30.0,28.5,0.0,0.0,0.0,0.0
30.0,29.0,0.0,0.0,0.0,0.0
30.0,29.5,0.0,0.0,4.000480057606913e-05,4.000400037603152e-05
30.0,30.0,0.0,0.0,0.0,0.0
50.0,0.0,0.0018001200080005333,0.00017306065294744324,0.003316887792519501,0.00023473767113483426
50.0,0.4,0.0018001800180018,0.0001730664170105786,0.0029336266960029336,0.00022080583709515786
50.0,0.8,0.001900126675111674,0.00017779401173702118,0.0028835255683712247,0.00021891408292488426
50.0,1.2,0.001783600873464353,0.0001722733653431947,0.0018836158757146906,0.00017702871327534043
50.0,1.6,0.0020501366757783852,0.0001846650129313896,0.0015667711180745382,0.00016147345710918503
50.0,2.0,0.0015167425037918563,0.00015887719166362112,0.0011667250029168126,0.00013936893644721796
50.0,2.4,0.00135004500150005,0.0001499037092179537,0.0014167138904630154,0.0001535553087479814
50.0,2.8,0.0014500725036251812,0.0001553513327627191,0.0009833825024584562,0.00012796253257246447
50.0,3.2,0.001300043334777826,0.00014710520622947178,0.000933364445481516,0.00012466784939983358
50.0,3.6,0.0010334194516209683,0.00013117656881210443,0.0007333944495374615,0.00011052282257452517
50.0,4.0,0.0015501291774314527,0.00016061627485529345,0.0006333861155096258,0.00010271625079794621
50.0,4.4,0.0011833333333333333,0.00014035271375808614,0.001,0.00012903487900563942
50.0,4.8,0.0012666877781296354,0.00014520699967489673,0.00088334805580093,0.00012128358378341633
50.0,5.2,0.0013333777792593087,0.00014897674712850638,0.0005833527784259475,9.857585170474298e-05
50.0,5.6,0.0014667155571852395,0.00015623769941433186,0.0005000166672222407,9.126730977358098e-05
50.0,6.0,0.0016000800040002,0.00016317677673627438,0.0003833525009583813,7.991919909649816e-05
50.0,6.4,0.0014166902781713028,0.00015355275126561878,0.0005000083334722246,9.126578900688235e-05
50.0,6.8,0.0012833547225787095,0.0001461579673610125,0.0004666744445740762,8.817259910199712e-05
50.0,7.2,0.001633387779592653,0.00016486227500015312,0.0003500116670555685,7.636543963613767e-05
50.0,7.6,0.0013167763980331693,0.00014805134773441397,0.0004833736144678723,8.973853031964848e-05
50.0,8.0,0.00135004500150005,0.0001499037092179537,0.0003500116670555685,7.636543963613767e-05
50.0,8.4,0.0009500316677222574,0.00012577498070258407,0.00025000833361112036,6.45438044082751e-05
50.0,8.8,0.0007333822254816988,0.00011052098108067404,0.00041669444629641975,8.332152402393875e-05
50.0,9.2,0.0007333944495374615,0.00011052282257452517,0.0004000333361113426,8.164012851066343e-05
50.0,9.6,0.0007000583381948496,0.00010798352951038422,0.0003166930577548129,7.26428647781963e-05
50.0,10.0,0.000550036669111274,9.572275767019835e-05,0.0003333555570371358,7.452814332925077e-05
50.0,10.4,0.0004333550010833875,8.496949099231853e-05,0.0002333450005833625,6.235679805293291e-05
50.0,10.8,0.0005500458371530961,9.572435274340827e-05,0.0002000166680556713,5.7734063818338085e-05
50.0,11.2,0.0003666911127408494,7.81644728662965e-05,0.0001833455563704247,5.5275697249968396e-05
50.0,11.6,0.00030001000033334443,7.070242711527475e-05,0.00018333944464815494,5.527385483424744e-05
50.0,12.0,0.00025001250062503126,6.454488005762443e-05,0.00031668250079170627,7.264044361184556e-05
50.0,12.4,0.00018333944464815494,5.527385483424744e-05,0.00015000500016667222,4.9997916331561955e-05
50.0,12.8,6.667111140742716e-05,3.3334444425916664e-05,0.0001666777785185679,5.270374872455066e-05
50.0,13.2,0.00015000750037501875,4.999874960932148e-05,0.00013334000033335001,4.713966610368636e-05
50.0,13.6,0.00011667444496299753,4.4096222427818717e-05,0.0001833455563704247,5.5275697249968396e-05
50.0,14.0,0.00011667250029168125,4.409548749691018e-05,0.00018334250045835626,5.527477602675509e-05
50.0,14.4,5.000250012500625e-05,2.8868235138293296e-05,0.00015000750037501875,4.999874960932148e-05
50.0,14.8,6.667222268522376e-05,3.3335000027768666e-05,0.00010000833402783565,4.082618976625478e-05
50.0,15.2,5.000166672222407e-05,2.886775399703238e-05,0.0001166705556851895,4.4094752590498725e-05
50.0,15.6,0.00011667444496299753,4.4096222427818717e-05,0.0001833455563704247,5.5275697249968396e-05
50.0,16.0,5.000250012500625e-05,2.8868235138293296e-05,0.00011667250029168125,4.409548749691018e-05
50.0,16.4,0.00010000666711114075,4.082550931842298e-05,6.667111140742716e-05,3.3334444425916664e-05
50.0,16.8,5.000416701391782e-05,2.886919746893205e-05,0.0001166763896991416,4.409695738322556e-05
50.0,17.2,3.3333888898148306e-05,2.357022602973022e-05,1.6666944449074153e-05,1.666680555497678e-05
50.0,17.6,0.0,0.0,1.666833350001667e-05,1.6668194582766953e-05
50.0,18.0,1.666833350001667e-05,1.6668194582766953e-05,1.666833350001667e-05,1.6668194582766953e-05
50.0,18.4,0.0,0.0,0.0,0.0
50.0,18.8,5.000500050005001e-05,2.88696786583115e-05,0.0,0.0
50.0,19.2,6.667111140742716e-05,3.3334444425916664e-05,0.0,0.0
50.0,19.6,0.0,0.0,0.0,0.0
50.0,20.0,1.666805567130594e-05,1.6667916758687157e-05,0.0,0.0
50.0,20.4,1.666722224074136e-05,1.6667083342013983e-05,0.0,0.0
50.0,20.8,0.0,0.0,0.0,0.0
50.0,21.2,0.0,0.0,0.0,0.0
50.0,21.6,0.0,0.0,0.0,0.0
50.0,22.0,1.6667500041668752e-05,1.6667361138311135e-05,0.0,0.0
50.0,22.4,0.0,0.0,0.0,0.0
50.0,22.8,0.0,0.0,1.6668889185224698e-05,1.6668750258712423e-05
50.0,23.2,0.0,0.0,0.0,0.0
50.0,23.6,0.0,0.0,0.0,0.0
50.0,24.0,0.0,0.0,0.0,0.0
50.0,24.4,0.0,0.0,0.0,0.0
50.0,24.8,0.0,0.0,0.0,0.0
60.0,0.0,0.0013833563892731546,0.00015173802746852835,0.003383389723162053,0.0002370653425084834
60.0,0.32,0.0018166666666666667,0.00017384698199321194,0.003033333333333333,0.00022450435119102636
60.0,0.64,0.0014167138904630154,0.0001535553087479814,0.002283409446981566,0.0001948619781050177
60.0,0.96,0.0011333711123704124,0.00013736352741111098,0.0020500683356111872,0.0001846588635485394
60.0,1.28,0.0009667472289357446,0.000126878755762106,0.0015834652887740646,0.00016233143482430077
60.0,1.6,0.0013833563892731546,0.00015173802746852835,0.0012500208336805613,0.00014424973076697882
60.0,1.92,0.0014001400140014,0.00015266081432858386,0.0012167883455012167,0.00014232763344685414
60.0,2.24,0.0010834416775010835,0.00013431158235234597,0.0009834316765009834,0.00012796892818949773
60.0,2.56,0.0011333333333333334,0.00013735895122445236,0.0010333333333333334,0.0001311656430850927
60.0,2.88,0.0013667122237407913,0.00015082494365795555,0.000883362778759292,0.00012128560435023055
60.0,3.2,0.0012501458503492073,0.0001442641483941665,0.0007834247328855033,0.00011422947059735192
60.0,3.52,0.0010334366770010333,0.00013117875417593006,0.0007667433410007668,0.00011300678953472098
60.0,3.84,0.00105,0.0001322180963408565,0.0007666666666666667,0.00011299549319101838
60.0,4.16,0.00088334805580093,0.00012128358378341633,0.0006166769446157436,0.00010134980068586075
60.0,4.48,0.0008333611120370679,0.00011780594055290473,0.0007666922230741025,0.00011299925838797739
60.0,4.8,0.001000100010001,0.00012904777732452368,0.0005333866720005334,9.426518323390371e-05
60.0,5.12,0.001166705556851895,0.00013936661491082967,0.0005166838894629821,9.277518900481431e-05
60.0,5.44,0.0009667633430009668,0.00012688086959624853,0.0003833716705003834,7.992319468974965e-05
60.0,5.76,0.0008000133335555593,0.00011542577956796027,0.000333338888981483,7.452441748127216e-05
60.0,6.08,0.0011500766717781185,0.00013837332258138723,0.0004500300020001333,8.658882390308163e-05
60.0,6.4,0.001166705556851895,0.00013936661491082967,0.0004000133337777926,8.163604718494892e-05
60.0,6.72,0.0011333522225370422,0.00013736123927966776,0.0002333372222870381,6.235471970091791e-05
60.0,7.04,0.0010000333344444814,0.00012903917815877222,0.0002833427780926031,6.871098133493872e-05
60.0,7.36,0.0009666988899629988,0.00012687241468225456,0.0002833427780926031,6.871098133493872e-05
60.0,7.68,0.0008167619555614822,0.00011663261962569726,0.00035004083809777806,7.637180305098982e-05
60.0,8.0,0.0009167430619218269,0.0001235569353012037,0.0003333611134261188,7.452938536136668e-05
60.0,8.32,0.0007833725019584313,0.00011422185790382356,0.00025001250062503126,6.454488005762443e-05
60.0,8.64,0.0003500233348889926,7.636798487482404e-05,0.00013334222281485432,4.714045176477761e-05
60.0,8.96,0.0005166838894629821,9.277518900481431e-05,0.0003333444448148272,7.452565938920557e-05
60.0,9.28,0.0003833397223287055,7.991653558960237e-05,0.00018333638893981566,5.527293367244389e-05
60.0,9.6,0.00036669722476873073,7.816577547711844e-05,0.0004000333361113426,8.164012851066343e-05
60.0,9.92,0.00031668250079170627,7.264044361184556e-05,0.000333350000833375,7.452690133853109e-05
60.0,10.24,0.00041669444629641975,8.332152402393875e-05,0.0001500100006667111,4.999958291485669e-05
60.0,10.56,0.0004333550010833875,8.496949099231853e-05,0.0002333450005833625,6.235679805293291e-05
60.0,10.88,0.00038334611153705125,7.99178673208579e-05,0.00018333944464815494,5.527385483424744e-05
60.0,11.2,0.00035001750087504374,7.636671223427318e-05,0.00021667750054169376,6.0089015007130094e-05
60.0,11.52,0.0003667400146696006,7.81748949686621e-05,0.00015003000600120024,5.000625035922999e-05
60.0,11.84,0.00018333944464815494,5.527385483424744e-05,0.00015000500016667222,4.9997916331561955e-05
60.0,12.16,0.00021668111207413828,6.0090016448951524e-05,0.0001500100006667111,4.999958291485669e-05
60.0,12.48,0.00011667444496299753,4.4096222427818717e-05,0.0002500166677778519,6.454595574282665e-05
60.0,12.8,0.00011667444496299753,4.4096222427818717e-05,0.0002000133342222815,5.77331016160434e-05
60.0,13.12,0.00010000333344444814,4.082414849080303e-05,0.0001166705556851895,4.4094752590498725e-05
60.0,13.44,8.333750020834374e-05,3.726811009551666e-05,0.00011667250029168125,4.409548749691018e-05
60.0,13.76,0.0001166705556851895,4.4094752590498725e-05,6.666888896296543e-05,3.333333327777284e-05
60.0,14.08,3.3335000083337503e-05,2.3571011730120573e-05,0.00013334000033335001,4.713966610368636e-05
60.0,14.4,1.666722224074136e-05,1.6667083342013983e-05,0.00015000500016667222,4.9997916331561955e-05
60.0,14.72,3.333444448148272e-05,2.3570618873377783e-05,6.666888896296543e-05,3.333333327777284e-05
60.0,15.04,5.0003333555570374e-05,2.8868716295592917e-05,6.667111140742716e-05,3.3334444425916664e-05
60.0,15.36,1.666722224074136e-05,1.6667083342013983e-05,3.333444448148272e-05,2.3570618873377783e-05
60.0,15.68,6.667222268522376e-05,3.3335000027768666e-05,3.333611134261188e-05,2.3571797482894437e-05
60.0,16.0,3.3335000083337503e-05,2.3571011730120573e-05,1.6667500041668752e-05,1.6667361138311135e-05
60.0,16.4,3.3335000083337503e-05,2.3571011730120573e-05,0.0,0.0
60.0,16.8,1.6666944449074153e-05,1.666680555497678e-05,1.6666944449074153e-05,1.666680555497678e-05
60.0,17.2,0.0,0.0,3.3335000083337503e-05,2.3571011730120573e-05
60.0,17.6,3.3335000083337503e-05,2.3571011730120573e-05,0.0,0.0
60.0,18.0,0.0,0.0,0.0,0.0
60.0,18.4,0.0,0.0,0.0,0.0
60.0,18.8,1.666777785185679e-05,1.6667638943868705e-05,0.0,0.0
60.0,19.2,0.0,0.0,0.0,0.0
60.0,19.6,1.6667500041668752e-05,1.6667361138311135e-05,0.0,0.0
60.0,20.0,1.666722224074136e-05,1.6667083342013983e-05,0.0,0.0
60.0,20.4,0.0,0.0,0.0,0.0
60.0,20.8,0.0,0.0,0.0,0.0
60.0,21.2,0.0,0.0,0.0,0.0
60.0,21.6,0.0,0.0,0.0,0.0
60.0,22.0,0.0,0.0,0.0,0.0
60.0,22.4,0.0,0.0,0.0,0.0
60.0,22.8,0.0,0.0,0.0,0.0
60.0,23.2,1.666722224074136e-05,1.6667083342013983e-05,0.0,0.0
60.0,23.6,0.0,0.0,0.0,0.0
60.0,24.0,0.0,0.0,0.0,0.0
60.0,24.4,0.0,0.0,0.0,0.0
60.0,24.8,0.0,0.0,0.0,0.0
70.0,0.0,0.0013667350034168376,0.00015082745581245885,0.002666800006667,0.00021054774499901495
70.0,0.4,0.0012667088902963432,0.00014520941833744437,0.0021667388912963766,0.00018982958166091445
70.0,0.8,0.0011167225027918064,0.00013635316951481028,0.0021667750054169374,0.00018983274221021
70.0,1.2,0.0009500316677222574,0.00012577498070258407,0.001400046668222274,0.00015265064373634
70.0,1.6,0.00095,0.00012577079019655824,0.0011166666666666666,0.00013634635566711604
70.0,2.0,0.001116741116074405,0.00013635544094871922,0.0009333955597039803,0.00012467200333052345
70.0,2.4,0.000950063337555837,0.0001257791714878627,0.000716714447629842,0.00010925875387748083
70.0,2.8,0.0007500375018750937,0.00011176705099162999,0.0008167075020417688,0.00011662484690683954
70.0,3.2,0.0008500850085008501,0.00011898510471973957,0.0008334166750008335,0.00011781379179195465
70.0,3.6,0.000883362778759292,0.00012128560435023055,0.0006000200006666889,9.997332694254742e-05
70.0,4.0,0.0008000400020001,0.00011542962574593515,0.0007833725019584313,0.00011422185790382356
70.0,4.4,0.0008666811113518559,0.00012013495242225686,0.0008000133335555593,0.00011542577956796027
70.0,4.8,0.0008,0.00011542385657508878,0.0006,9.996999549864949e-05
70.0,5.2,0.0008000800080008001,0.00011543539549352515,0.00045004500450045,8.659170983603148e-05
70.0,5.6,0.0008833922261484099,0.00012128964568583975,0.0003000200013334222,7.070478366630688e-05
70.0,6.0,0.0009500158335972266,0.0001257728854146663,0.00021667027783796398,6.0087012223622216e-05
70.0,6.4,0.0011667250029168126,0.00013936893644721796,0.00026668000066670003,6.666110979607003e-05
70.0,6.8,0.0010833875027084687,0.0001343048700793475,0.00018334250045835626,5.527477602675509e-05
70.0,7.2,0.000733370001833425,0.00011051913964818655,0.000333350000833375,7.452690133853109e-05
70.0,7.6,0.00075007500750075,0.00011177263780544599,0.00021668833550021668,6.009201943273774e-05
70.0,8.0,0.0005667044469631309,9.716146822313808e-05,6.667111140742716e-05,3.3334444425916664e-05
70.0,8.4,0.0004000466721117464,8.164284962119447e-05,6.667444535195772e-05,3.3336111287037495e-05
70.0,8.8,0.00036669722476873073,7.816577547711844e-05,0.00025002083506958916,6.454703146388353e-05
70.0,9.2,0.00041668750104171875,8.3320135551894e-05,0.00035001750087504374,7.636671223427318e-05
70.0,9.6,0.00026667555585186174,6.665999888872343e-05,0.0003666788892963099,7.816186777489418e-05
70.0,10.0,0.00021668111207413828,6.0090016448951524e-05,0.00028335222348156545,6.871327152908072e-05
70.0,10.4,0.000233341111370379,6.235575885960726e-05,0.00021667388912963766,6.008801359868754e-05
70.0,10.8,0.00028334750070836874,6.871212641292652e-05,0.000200010000500025,5.7732139445820514e-05
70.0,11.2,0.0001666750004166875,5.270287035803577e-05,0.0002333450005833625,6.235679805293291e-05
70.0,11.6,0.0002500041667361123,6.454272879477687e-05,0.0002333372222870381,6.235471970091791e-05
70.0,12.0,1.666861133798943e-05,1.6668472416108552e-05,0.00013334889070391545,4.7142808905191436e-05
70.0,12.4,0.00013334444537044753,4.7141237452058e-05,0.0001166763896991416,4.409695738322556e-05
70.0,12.8,8.33361112037068e-05,3.726748896552772e-05,3.333444448148272e-05,2.3570618873377783e-05
70.0,13.2,3.3335000083337503e-05,2.3571011730120573e-05,0.0001000050002500125,4.082482889327277e-05
70.0,13.6,0.0001166705556851895,4.4094752590498725e-05,5.000166672222407e-05,2.886775399703238e-05
70.0,14.0,1.666805567130594e-05,1.6667916758687157e-05,0.00010000833402783565,4.082618976625478e-05
70.0,14.4,3.333444448148272e-05,2.3570618873377783e-05,5.000166672222407e-05,2.886775399703238e-05
70.0,14.8,1.666805567130594e-05,1.6667916758687157e-05,5.000416701391782e-05,2.886919746893205e-05
70.0,15.2,3.3335000083337503e-05,2.3571011730120573e-05,5.000250012500625e-05,2.8868235138293296e-05
70.0,15.6,0.0,0.0,0.0,0.0
70.0,16.0,1.666722224074136e-05,1.6667083342013983e-05,1.666722224074136e-05,1.6667083342013983e-05
70.0,16.4,3.333555570371358e-05,2.3571404599959237e-05,0.0,0.0
70.0,16.8,0.0,0.0,0.0,0.0
70.0,17.2,0.0,0.0,0.0,0.0
70.0,17.6,0.0,0.0,0.0,0.0
70.0,18.0,0.0,0.0,0.0,0.0
70.0,18.4,1.666777785185679e-05,1.6667638943868705e-05,0.0,0.0
70.0,18.8,0.0,0.0,0.0,0.0
70.0,19.2,0.0,0.0,0.0,0.0
70.0,19.6,0.0,0.0,0.0,0.0
70.0,20.0,0.0,0.0,0.0,0.0
70.0,20.4,0.0,0.0,0.0,0.0
70.0,20.8,0.0,0.0,0.0,0.0
70.0,21.2,0.0,0.0,0.0,0.0
70.0,21.6,0.0,0.0,0.0,0.0
70.0,22.0,0.0,0.0,0.0,0.0
70.0,22.4,0.0,0.0,0.0,0.0
70.0,22.8,0.0,0.0,0.0,0.0
70.0,23.2,0.0,0.0,0.0,0.0
70.0,23.6,0.0,0.0,0.0,0.0
70.0,24.0,0.0,0.0,1.6667500041668752e-05,1.6667361138311135e-05
70.0,24.4,0.0,0.0,0.0,0.0
70.0,24.8,0.0,0.0,0.0,0.0
80.0,0.0,0.0009166819446990783,0.00012354870181383674,0.0025000416673611227,0.0002038722239911679
80.0,0.4,0.0009334266760009334,0.00012467615753804025,0.002000200020002,0.00018240974296749067
80.0,0.8,0.0006333650015834125,0.00010271282783674008,0.0016334150040835376,0.00016486502059427378
80.0,1.2,0.0006000400026668444,9.997665860848972e-05,0.0013167544502966865,0.0001480488816742503
80.0,1.6,0.0006000400026668444,9.997665860848972e-05,0.0010167344489632642,0.00013011331074093866
80.0,2.0,0.0006667222268522376,0.00010538289204089164,0.0009834152846070507,0.00012796679624611996
80.0,2.4,0.000650021667388913,0.00010405293470531234,0.000700023334111137,0.0001079781320450918
80.0,2.8,0.0008167211147409827,0.00011662678998942825,0.0007667177811854123,0.00011300302383586987
80.0,3.2,0.0006666888896296544,0.0001053776244783161,0.0007666922230741025,0.00011299925838797739
80.0,3.6,0.0008166938897963265,0.00011662290388899593,0.00045001500050001665,8.65859381624904e-05
80.0,4.0,0.0007166905563518784,0.00010925511310367378,0.0005666855561852062,9.715823031778749e-05
80.0,4.4,0.0005500183339444648,9.571956768324722e-05,0.0005333511117037235,9.42589003557012e-05
80.0,4.8,0.0007,0.00010797453403465097,0.00028333333333333335,6.870869129345471e-05
80.0,5.2,0.0008333333333333334,0.00011780201532577791,0.00028333333333333335,6.870869129345471e-05
80.0,5.6,0.0010167344489632642,0.00013011331074093866,0.00043336222414827656,8.497090693791035e-05
80.0,6.0,0.0007500250008333611,0.00011176518884446692,0.00021667388912963766,6.008801359868754e-05
80.0,6.4,0.0009167125022917813,0.0001235528184203516,0.00011667250029168125,4.409548749691018e-05
80.0,6.8,0.0009000600040002666,0.00012242751937231164,0.00026668444562970864,6.666222074044439e-05
80.0,7.2,0.0007167025017917562,0.00010925693346024688,0.000200010000500025,5.7732139445820514e-05
80.0,7.6,0.0006833561118703956,0.00010668582380247512,0.00021667388912963766,6.008801359868754e-05
80.0,8.0,0.0004333694474539545,8.497232293069403e-05,0.00010000833402783565,4.082618976625478e-05
80.0,8.4,0.0003833397223287055,7.991653558960237e-05,0.00013333555559259322,4.713809486006604e-05
80.0,8.8,0.00025002083506958916,6.454703146388353e-05,0.00018334861238436537,5.5276618503888877e-05
80.0,9.2,0.00020000333338888982,5.773021520158376e-05,0.00010000166669444491,4.082346811101262e-05
80.0,9.6,0.00021667750054169376,6.0089015007130094e-05,0.000333350000833375,7.452690133853109e-05
80.0,10.0,0.00015001500150015003,5.0001249609259746e-05,0.0003166983365003167,7.264407542189729e-05
80.0,10.4,0.00013333555559259322,4.713809486006604e-05,0.0002500041667361123,6.454272879477687e-05
80.0,10.8,0.00028334750070836874,6.871212641292652e-05,8.333750020834374e-05,3.726811009551666e-05
80.0,11.2,0.0001,4.082278775390039e-05,0.00013333333333333334,4.713730927753435e-05
80.0,11.6,6.666888896296543e-05,3.333333327777284e-05,0.00026667555585186174,6.665999888872343e-05
80.0,12.0,0.0001000050002500125,4.082482889327277e-05,0.00013334000033335001,4.713966610368636e-05
80.0,12.4,1.666805567130594e-05,1.6667916758687157e-05,6.667222268522376e-05,3.3335000027768666e-05
80.0,12.8,5.0003333555570374e-05,2.8868716295592917e-05,8.333888925928395e-05,3.726873124621045e-05
80.0,13.2,3.333444448148272e-05,2.3570618873377783e-05,8.33361112037068e-05,3.726748896552772e-05
80.0,13.6,0.0,0.0,6.667222268522376e-05,3.3335000027768666e-05
80.0,14.0,0.0,0.0,1.666722224074136e-05,1.6667083342013983e-05
80.0,14.4,0.0,0.0,0.0,0.0
80.0,14.8,0.0,0.0,0.0,0.0
80.0,15.2,0.0,0.0,1.6667500041668752e-05,1.6667361138311135e-05
80.0,15.6,0.0,0.0,0.0,0.0
80.0,16.0,0.0,0.0,0.0,0.0
80.0,16.4,0.0,0.0,0.0,0.0
80.0,16.8,0.0,0.0,0.0,0.0
80.0,17.2,1.666722224074136e-05,1.6667083342013983e-05,0.0,0.0
80.0,17.6,0.0,0.0,0.0,0.0
80.0,18.0,0.0,0.0,0.0,0.0
80.0,18.4,0.0,0.0,0.0,0.0
80.0,18.8,0.0,0.0,0.0,0.0
80.0,19.2,0.0,0.0,0.0,0.0
80.0,19.6,0.0,0.0,0.0,0.0
80.0,20.0,0.0,0.0,0.0,0.0
80.0,20.4,0.0,0.0,0.0,0.0
80.0,20.8,0.0,0.0,0.0,0.0
80.0,21.2,0.0,0.0,0.0,0.0
80.0,21.6,0.0,0.0,0.0,0.0
80.0,22.0,0.0,0.0,1.6667500041668752e-05,1.6667361138311135e-05
80.0,22.4,0.0,0.0,0.0,0.0
80.0,22.8,0.0,0.0,0.0,0.0
80.0,23.2,0.0,0.0,0.0,0.0
80.0,23.6,0.0,0.0,1.666777785185679e-05,1.6667638943868705e-05
80.0,24.0,0.0,0.0,0.0,0.0
80.0,24.4,0.0,0.0,0.0,0.0
80.0,24.8,0.0,0.0,0.0,0.0
90.0,0.0,0.000650021667388913,0.00010405293470531234,0.0026834227807593586,0.00021119940156613068
90.0,0.4,0.0007666922230741025,0.00011299925838797739,0.0018500616687222907,0.00017543757186092607
90.0,0.8,0.0005000166672222407,9.126730977358098e-05,0.0014667155571852395,0.00015623769941433186
90.0,1.2,0.0005333688912594173,9.426204169010878e-05,0.001116741116074405,0.00013635544094871922
90.0,1.6,0.0006000200006666889,9.997332694254742e-05,0.0007500250008333611,0.00011176518884446692
90.0,2.0,0.0004333477782592753,8.496807509391624e-05,0.0009000300010000333,0.00012242344015715378
90.0,2.4,0.0003833652804400367,7.992186278094182e-05,0.000566713892824402,9.716308725674479e-05
90.0,2.8,0.0005166925012917312,9.277673493558573e-05,0.0005833625014584063,9.857749423823956e-05
90.0,3.2,0.0005000250012500625,9.126883059096169e-05,0.0005333600013334001,9.426047099673289e-05
90.0,3.6,0.0005666950014167375,9.715984924348655e-05,0.000600030001500075,9.997499274776163e-05
90.0,4.0,0.0005333422223703729,9.425732976701112e-05,0.00040000666677777964,8.163468683372359e-05
90.0,4.4,0.00045001500050001665,8.65859381624904e-05,0.0006333544451481716,0.00010271111644168672
90.0,4.8,0.0006333544451481716,0.00010271111644168672,0.0003666788892963099,7.816186777489418e-05
90.0,5.2,0.000733370001833425,0.00011051913964818655,0.00045002250112505623,8.65873810087424e-05
90.0,5.6,0.0006666666666666666,0.00010537411306247709,0.00021666666666666666,6.0086010881932434e-05
90.0,6.0,0.000650021667388913,0.00010405293470531234,0.0002000066668888963,5.7731177307667836e-05
90.0,6.4,0.0006333861155096258,0.00010271625079794621,0.00015001250104175348,5.000041624816897e-05
90.0,6.8,0.0005833625014584063,9.857749423823956e-05,0.000200010000500025,5.7732139445820514e-05
90.0,7.2,0.0006166872229074302,0.00010135148938433134,8.33361112037068e-05,3.726748896552772e-05
90.0,7.6,0.0005666761112685211,9.71566114460382e-05,0.00018333638893981566,5.527293367244389e-05
90.0,8.0,0.00041669444629641975,8.332152402393875e-05,0.0001500100006667111,4.999958291485669e-05
90.0,8.4,0.00026668000066670003,6.666110979607003e-05,0.0001666750004166875,5.270287035803577e-05
90.0,8.8,0.00018334250045835626,5.527477602675509e-05,0.0001666750004166875,5.270287035803577e-05
90.0,9.2,0.00021667388912963766,6.008801359868754e-05,0.00026667555585186174,6.665999888872343e-05
90.0,9.6,0.0001000050002500125,4.082482889327277e-05,0.000200010000500025,5.7732139445820514e-05
90.0,10.0,0.000200010000500025,5.7732139445820514e-05,0.00021667750054169376,6.0089015007130094e-05
90.0,10.4,0.00021667750054169376,6.0089015007130094e-05,0.0002333450005833625,6.235679805293291e-05
90.0,10.8,0.00015000250004166735,4.999708308157675e-05,0.00011666861114351905,4.409401770858314e-05
90.0,11.2,0.00013333555559259322,4.713809486006604e-05,0.00018333638893981566,5.527293367244389e-05
90.0,11.6,0.00010000166669444491,4.082346811101262e-05,0.00013333555559259322,4.713809486006604e-05
90.0,12.0,1.6666944449074153e-05,1.666680555497678e-05,8.333472224537075e-05,3.72668678562426e-05
90.0,12.4,5.0000833347222455e-05,2.8867272871809373e-05,0.00021667027783796398,6.0087012223622216e-05
90.0,12.8,3.333444448148272e-05,2.3570618873377783e-05,0.00013333777792593087,4.713888046878294e-05
90.0,13.2,0.0,0.0,0.00011667250029168125,4.409548749691018e-05
90.0,13.6,0.0,0.0,5.000166672222407e-05,2.886775399703238e-05
90.0,14.0,0.0,0.0,0.0,0.0
90.0,14.4,0.0,0.0,0.0,0.0
90.0,14.8,1.666777785185679e-05,1.6667638943868705e-05,0.0,0.0
90.0,15.2,0.0,0.0,0.0,0.0
90.0,15.6,0.0,0.0,0.0,0.0
90.0,16.0,0.0,0.0,0.0,0.0
90.0,16.4,0.0,0.0,0.0,0.0
90.0,16.8,0.0,0.0,0.0,0.0
90.0,17.2,0.0,0.0,0.0,0.0
90.0,17.6,0.0,0.0,0.0,0.0
90.0,18.0,0.0,0.0,0.0,0.0
90.0,18.4,0.0,0.0,0.0,0.0
90.0,18.8,0.0,0.0,0.0,0.0
90.0,19.2,0.0,0.0,0.0,0.0
90.0,19.6,0.0,0.0,0.0,0.0
90.0,20.0,0.0,0.0,0.0,0.0
90.0,20.4,0.0,0.0,0.0,0.0
90.0,20.8,0.0,0.0,0.0,0.0
90.0,21.2,0.0,0.0,0.0,0.0
90.0,21.6,0.0,0.0,0.0,0.0
90.0,22.0,0.0,0.0,0.0,0.0
90.0,22.4,0.0,0.0,0.0,0.0
90.0,22.8,0.0,0.0,0.0,0.0
90.0,23.2,0.0,0.0,0.0,0.0
90.0,23.6,0.0,0.0,0.0,0.0
90.0,24.0,0.0,0.0,0.0,0.0
90.0,24.4,0.0,0.0,0.0,0.0
90.0,24.8,0.0,0.0,0.0,0.0
100.0,0.0,0.0004000333361113426,8.164012851066343e-05,0.0024168680723393615,0.0002004672773258627
100.0,0.4,0.00040002000100005,8.16374075815125e-05,0.001933430004833575,0.000179340846001272
100.0,0.8,0.0003000200013334222,7.070478366630688e-05,0.0012834188945929728,0.00014616527105071962
100.0,1.2,0.000283356946412201,6.87144166834032e-05,0.0010000833402783566,0.00012904562742564111
100.0,1.6,0.0005666855561852062,9.715823031778749e-05,0.0007666922230741025,0.00011299925838797739
100.0,2.0,0.0005333422223703729,9.425732976701112e-05,0.0005333422223703729,9.425732976701112e-05
100.0,2.4,0.0004333333333333333,8.496524343867082e-05,0.0005333333333333334,9.425575923066e-05
100.0,2.8,0.000466690001166725,8.817553764941983e-05,0.0006166975015417437,0.00010135317813907733
100.0,3.2,0.0005833625014584063,9.857749423823956e-05,0.000466690001166725,8.817553764941983e-05
100.0,3.6,0.0005000666755567409,9.127643543818498e-05,0.00045006000800106683,8.659459596135918e-05
100.0,4.0,0.0005167097258104842,9.277982695169453e-05,0.0007500625052087674,0.00011177077547211641
100.0,4.4,0.0005333688912594173,9.426204169010878e-05,0.00046669777985199013,8.817700699658263e-05
100.0,4.8,0.0005000333355557038,9.127035145902699e-05,0.0003000200013334222,7.070478366630688e-05
100.0,5.2,0.0007833594453148438,0.00011421995488898234,0.00025000833361112036,6.45438044082751e-05
100.0,5.6,0.0005000083334722246,9.126578900688235e-05,0.00020000333338888982,5.773021520158376e-05
100.0,6.0,0.0006000100001666694,9.997166119284431e-05,0.00015000250004166735,4.999708308157675e-05
100.0,6.4,0.000650021667388913,0.00010405293470531234,0.0001666722224074136,5.270199202079831e-05
100.0,6.8,0.0005000333355557038,9.127035145902699e-05,0.0001666777785185679,5.270374872455066e-05
100.0,7.2,0.0006000200006666889,9.997332694254742e-05,6.666888896296543e-05,3.333333327777284e-05
100.0,7.6,0.0003500116670555685,7.636543963613767e-05,0.00013333777792593087,4.713888046878294e-05
100.0,8.0,0.0003166772225740858,7.26392330891918e-05,0.00015000500016667222,4.9997916331561955e-05
100.0,8.4,0.000233341111370379,6.235575885960726e-05,8.33361112037068e-05,3.726748896552772e-05
100.0,8.8,0.0001000050002500125,4.082482889327277e-05,0.00021667750054169376,6.0089015007130094e-05
100.0,9.2,0.0001666777785185679,5.270374872455066e-05,0.00021668111207413828,6.0090016448951524e-05
100.0,9.6,0.00015001500150015003,5.0001249609259746e-05,0.0002666933360002667,6.666444274028384e-05
100.0,10.0,8.333472224537075e-05,3.72668678562426e-05,8.333472224537075e-05,3.72668678562426e-05
100.0,10.4,0.0001000050002500125,4.082482889327277e-05,0.00015000750037501875,4.999874960932148e-05
100.0,10.8,0.00015000750037501875,4.999874960932148e-05,0.000200010000500025,5.7732139445820514e-05
100.0,11.2,0.00015000500016667222,4.9997916331561955e-05,0.0002000066668888963,5.7731177307667836e-05
100.0,11.6,5.000166672222407e-05,2.886775399703238e-05,0.00018333944464815494,5.527385483424744e-05
100.0,12.0,0.0,0.0,0.0001166705556851895,4.4094752590498725e-05
100.0,12.4,1.6666944449074153e-05,1.666680555497678e-05,8.333472224537075e-05,3.72668678562426e-05
100.0,12.8,0.0,0.0,3.333444448148272e-05,2.3570618873377783e-05
100.0,13.2,0.0,0.0,5.0000833347222455e-05,2.8867272871809373e-05
100.0,13.6,0.0,0.0,3.3333888898148306e-05,2.357022602973022e-05
100.0,14.0,0.0,0.0,5.000166672222407e-05,2.886775399703238e-05
100.0,14.4,0.0,0.0,0.0,0.0
100.0,14.8,0.0,0.0,1.6667500041668752e-05,1.6667361138311135e-05
100.0,15.2,0.0,0.0,0.0,0.0
100.0,15.6,0.0,0.0,0.0,0.0
100.0,16.0,0.0,0.0,0.0,0.0
100.0,16.4,0.0,0.0,0.0,0.0
100.0,16.8,0.0,0.0,0.0,0.0
100.0,17.2,0.0,0.0,0.0,0.0
100.0,17.6,0.0,0.0,0.0,0.0
100.0,18.0,0.0,0.0,0.0,0.0
100.0,18.4,0.0,0.0,0.0,0.0
100.0,18.8,0.0,0.0,0.0,0.0
100.0,19.2,0.0,0.0,0.0,0.0
100.0,19.6,0.0,0.0,0.0,0.0
100.0,20.0,0.0,0.0,0.0,0.0
