e,b,r12,r23,r31,nd,nc,rej,time
0.001,0.0,300,502,510,8548,0,140,301.47016525268555
0.001,2.0,292,552,502,8514,0,140,281.4368097782135
0.001,4.0,299,485,477,8616,0,123,272.6310524940491
0.001,6.0,266,452,409,8724,0,149,285.58905053138733
0.001,8.0,248,413,419,8776,0,144,283.19485425949097
0.001,10.0,219,404,376,8868,0,133,292.9004912376404
0.001,12.0,210,337,358,8951,0,144,263.4943447113037
0.001,14.0,197,343,338,8972,0,150,256.70939445495605
0.001,16.0,189,306,320,9057,0,128,259.54606580734253
0.001,18.0,186,304,305,9082,0,123,287.83829498291016
0.001,20.0,171,228,323,9124,0,154,291.571706533432
0.001,22.0,190,298,269,9110,0,133,297.0054860115051
0.001,24.0,204,244,297,9124,0,131,281.32876086235046
0.001,26.0,162,264,269,9176,0,129,265.1667079925537
0.001,28.0,157,272,284,9145,0,142,264.57883739471436
0.001,30.0,180,313,301,9078,0,128,297.3155608177185
0.001,32.0,161,279,258,9169,0,133,262.3474223613739
0.001,34.0,138,273,295,9154,0,140,287.57700991630554
0.001,36.0,126,283,283,9176,0,132,264.482057094574
0.001,38.0,132,303,315,9117,0,133,288.2679634094238
0.001,40.0,108,320,275,9145,0,152,294.52813696861267
0.001,42.0,112,291,298,9130,0,169,277.2553963661194
0.001,44.0,106,284,265,9199,0,146,274.7420163154602
0.001,46.0,75,253,263,9260,0,149,281.1102681159973
0.001,48.0,81,277,269,9225,0,148,248.59335374832153
0.001,50.0,65,273,252,9293,0,117,237.49357962608337
0.001,52.0,58,234,215,9342,0,151,213.63816475868225
0.001,54.0,67,214,188,9403,0,128,220.7614884376526
0.001,56.0,49,168,223,9430,0,130,203.71408534049988
0.001,58.0,47,179,178,9457,0,139,180.24268746376038
0.001,60.0,51,170,154,9497,0,128,175.64541602134705
0.001,62.0,38,154,157,9490,0,161,164.50733017921448
0.001,64.0,47,139,160,9522,0,132,152.7893705368042
0.001,66.0,29,114,122,9608,0,127,144.77517342567444
0.001,68.0,41,99,91,9626,0,143,133.4927682876587
0.001,70.0,35,79,74,9678,0,134,122.96223998069763
0.001,72.0,23,76,86,9658,0,157,172.68291115760803
0.001,74.0,28,70,72,9695,0,135,244.10606908798218
0.001,76.0,15,67,48,9713,0,157,100.0587477684021
0.001,78.0,23,38,46,9748,0,145,96.3778281211853
0.001,80.0,24,33,39,9766,0,138,102.38289833068848
0.001,82.0,31,31,32,9753,0,153,91.02979278564453
0.001,84.0,21,25,21,9791,0,142,94.11207437515259
0.001,86.0,13,35,24,9798,0,130,82.93187260627747
0.001,88.0,13,19,25,9790,0,153,89.80208396911621
0.001,90.0,8,22,20,9802,0,148,105.91533136367798
0.001,92.0,13,14,20,9813,0,140,82.02988910675049
0.001,94.0,13,16,21,9803,0,147,76.01567697525024
0.001,96.0,9,23,13,9817,0,138,67.03325605392456
0.001,98.0,10,10,13,9808,0,159,75.03153014183044
0.001,100.0,7,21,9,9811,0,152,63.58116030693054
0.001,102.0,5,3,4,9831,0,157,70.9129364490509
0.001,104.0,8,8,12,9829,0,143,123.97105669975281
0.001,106.0,3,14,11,9838,0,134,82.96452689170837
0.001,108.0,1,8,7,9843,0,141,61.18533205986023
0.001,110.0,8,10,10,9836,0,136,116.81382083892822
0.001,112.0,4,8,13,9830,0,145,100.21973180770874
0.001,114.0,3,10,8,9829,0,150,127.3564555644989
0.001,116.0,4,7,5,9833,0,151,138.93198466300964
0.001,118.0,4,7,6,9834,0,149,96.38317918777466
0.001,120.0,0,4,7,9822,0,167,132.45213890075684
0.001,122.0,1,8,5,9844,0,142,144.85327863693237
0.001,124.0,2,0,4,9821,0,173,129.3999891281128
0.001,126.0,3,2,1,9858,0,136,99.75603079795837
0.001,128.0,2,1,4,9838,0,155,138.46282052993774
0.001,130.0,2,3,3,9844,0,148,129.2514045238495
0.001,132.0,3,3,2,9852,0,140,95.96892523765564
0.001,134.0,2,2,0,9827,0,169,148.7517285346985
0.001,136.0,2,5,2,9825,0,166,134.12379598617554
0.001,138.0,6,1,1,9826,0,166,98.41627526283264
0.001,140.0,3,0,3,9822,0,172,140.9771990776062
0.001,142.0,2,1,2,9824,0,171,136.09827494621277
0.001,144.0,3,3,2,9818,0,174,93.32271265983582
0.001,146.0,6,0,1,9823,0,170,152.89414429664612
0.001,148.0,1,1,1,9841,0,156,139.867005109787
0.001,150.0,1,2,1,9821,0,175,97.1544246673584
0.001,152.0,0,0,2,9813,0,185,133.19267439842224
0.001,154.0,1,0,1,9817,0,181,135.14035153388977
0.001,156.0,1,1,2,9814,0,182,90.11200642585754
0.001,158.0,3,1,3,9819,0,174,137.40452766418457
0.001,160.0,1,1,1,9830,0,167,150.53600335121155
0.001,162.0,1,3,1,9818,0,177,97.70131254196167
0.001,164.0,0,1,2,9847,0,150,146.498596906662
0.001,166.0,1,0,0,9815,0,184,146.281245470047
0.001,168.0,1,0,0,9817,0,182,95.10854291915894
0.001,170.0,1,1,0,9823,0,175,153.49397826194763
0.001,172.0,1,1,2,9820,0,176,138.71901321411133
0.001,174.0,1,2,0,9802,0,195,93.41241550445557
0.001,176.0,0,0,0,9827,0,173,140.1544144153595
0.001,178.0,0,0,1,9808,0,191,140.35914945602417
0.001,180.0,1,1,0,9815,0,183,105.25708746910095
0.001,182.0,0,0,0,9783,0,217,158.65815329551697
0.001,184.0,0,0,1,9808,0,191,158.46079564094543
0.001,186.0,0,0,0,9793,0,207,98.11249041557312
0.001,188.0,0,0,1,9808,0,191,146.24246764183044
0.001,190.0,0,0,1,9802,0,197,143.1709656715393
0.001,192.0,0,0,0,9778,0,222,99.27746772766113
0.001,194.0,0,0,1,9798,0,201,148.45767831802368
0.001,196.0,0,0,0,9778,0,222,128.9506072998047
0.001,198.0,0,0,0,9777,0,223,87.65509033203125
0.001,200.0,0,0,1,9781,0,218,81.99939346313477
0.01,0.0,215,387,360,8992,0,46,268.16098976135254
0.01,2.0,205,355,337,9064,0,39,250.069904088974
0.01,4.0,180,334,313,9134,0,39,250.40914726257324
0.01,6.0,163,312,283,9192,0,50,249.71035313606262
0.01,8.0,154,265,229,9309,0,43,234.94494199752808
0.01,10.0,128,239,230,9356,0,47,244.74348425865173
0.01,12.0,130,218,220,9384,0,48,228.37222027778625
0.01,14.0,113,207,211,9414,0,55,229.94089031219482
0.01,16.0,140,183,206,9435,0,36,221.47731161117554
0.01,18.0,111,181,189,9480,0,39,229.21381831169128
0.01,20.0,79,174,193,9513,0,41,220.13590002059937
0.01,22.0,113,158,180,9505,0,44,245.92129039764404
0.01,24.0,88,199,177,9498,0,38,229.8590316772461
0.01,26.0,81,181,194,9511,0,33,314.4836871623993
0.01,28.0,83,192,183,9487,0,55,247.42796897888184
0.01,30.0,72,177,187,9521,0,43,260.7685236930847
0.01,32.0,63,188,181,9533,0,35,218.16927003860474
0.01,34.0,62,145,151,9597,0,45,195.4546730518341
0.01,36.0,41,152,129,9632,0,46,189.607355594635
0.01,38.0,37,112,115,9693,0,43,197.69044494628906
0.01,40.0,43,100,117,9692,0,48,158.5229742527008
0.01,42.0,22,95,82,9756,0,45,134.73577284812927
0.01,44.0,19,90,84,9764,0,43,161.1980059146881
0.01,46.0,14,69,57,9815,0,45,119.08558630943298
0.01,48.0,33,51,54,9812,0,50,136.45693945884705
0.01,50.0,16,38,36,9869,0,41,108.27535223960876
0.01,52.0,24,33,31,9867,0,45,89.94145631790161
0.01,54.0,12,19,30,9890,0,49,87.95017457008362
0.01,56.0,13,19,23,9891,0,54,72.63808512687683
0.01,58.0,11,12,14,9924,0,39,141.78858518600464
0.01,60.0,12,5,13,9920,0,50,91.187166929245
0.01,62.0,5,9,12,9929,0,45,99.83837604522705
0.01,64.0,7,9,13,9927,0,44,82.21499419212341
0.01,66.0,5,9,7,9930,0,49,103.19183731079102
0.01,68.0,7,7,5,9932,0,49,103.12522721290588
0.01,70.0,4,6,11,9916,0,63,83.99153304100037
0.01,72.0,3,6,5,9933,0,53,90.10069942474365
0.01,74.0,3,6,6,9933,0,52,89.83755469322205
0.01,76.0,0,6,8,9939,0,47,131.0526840686798
0.01,78.0,3,7,6,9933,0,51,92.6567873954773
0.01,80.0,2,2,2,9949,0,45,94.21013164520264
0.01,82.0,3,2,5,9949,0,41,120.49695301055908
0.01,84.0,0,1,2,9957,0,40,92.63207006454468
0.01,86.0,2,0,2,9955,0,41,121.50961756706238
0.01,88.0,3,0,2,9950,0,45,128.75852465629578
0.01,90.0,5,2,1,9946,0,46,90.46915578842163
0.01,92.0,5,1,0,9956,0,38,138.9960651397705
0.01,94.0,5,0,1,9944,0,50,121.06055164337158
0.01,96.0,0,2,0,9943,0,55,128.67552161216736
0.01,98.0,0,0,0,9942,0,58,85.96973609924316
0.01,100.0,4,0,0,9951,0,45,56.53790640830994
0.01,102.0,3,0,0,9953,0,44,129.3079125881195
0.01,104.0,3,0,0,9956,0,41,127.9434654712677
0.01,106.0,0,0,0,9954,0,46,82.46687436103821
0.01,108.0,0,0,0,9957,0,43,115.50810146331787
0.01,110.0,0,0,0,9959,0,41,60.896897077560425
0.01,112.0,0,0,0,9957,0,43,32.82471942901611
0.1,0.0,138,250,251,9344,0,17,224.06560039520264
0.1,1.5,116,215,272,9377,0,20,198.39979696273804
0.1,3.0,83,210,201,9494,0,12,194.33195185661316
0.1,4.5,83,180,184,9545,0,8,181.57305932044983
0.1,6.0,96,169,148,9565,0,22,201.34132194519043
0.1,7.5,83,158,128,9613,0,18,186.23216462135315
0.1,9.0,86,150,138,9606,0,20,180.4851212501526
0.1,10.5,78,121,117,9673,0,11,253.12397956848145
0.1,12.0,77,108,141,9666,0,8,242.06459045410156
0.1,13.5,53,118,100,9714,0,15,193.61717295646667
0.1,15.0,68,137,127,9652,0,16,325.7163462638855
0.1,16.5,60,142,121,9667,0,10,250.56228280067444
0.1,18.0,52,135,131,9665,0,17,201.4190022945404
0.1,19.5,48,114,143,9684,0,11,223.69527578353882
0.1,21.0,37,99,130,9718,0,16,247.4721908569336
0.1,22.5,18,124,117,9723,0,18,195.58143997192383
0.1,24.0,31,112,109,9732,0,16,156.13223814964294
0.1,25.5,24,94,98,9772,0,12,149.3279321193695
0.1,27.0,20,80,63,9819,0,18,132.02180933952332
0.1,28.5,18,59,73,9839,0,11,123.10789632797241
0.1,30.0,17,49,56,9862,0,16,111.93108773231506
0.1,31.5,22,42,42,9875,0,19,94.06971144676208
0.1,33.0,16,22,35,9919,0,8,103.4293417930603
0.1,34.5,6,35,23,9919,0,17,123.18755507469177
0.1,36.0,11,15,13,9948,0,13,73.99273729324341
0.1,37.5,11,18,12,9952,0,7,78.37556195259094
0.1,39.0,5,12,9,9953,0,21,89.57096028327942
0.1,40.5,6,7,14,9951,0,22,116.1285150051117
0.1,42.0,8,10,7,9961,0,14,91.98945593833923
0.1,43.5,5,6,4,9969,0,16,111.0614264011383
0.1,45.0,4,8,4,9972,0,12,90.31816744804382
0.1,46.5,3,5,2,9973,0,17,94.00501298904419
0.1,48.0,4,6,1,9977,0,12,131.4685652256012
0.1,49.5,1,5,3,9980,0,11,129.04957556724548
0.1,51.0,0,0,0,9983,0,17,113.05019640922546
0.1,52.5,2,2,3,9983,0,10,82.64996194839478
0.1,54.0,0,5,1,9985,0,9,132.69164061546326
0.1,55.5,3,1,2,9985,0,9,118.90758347511292
0.1,57.0,1,1,3,9986,0,9,118.9437735080719
0.1,58.5,1,1,0,9984,0,14,88.84320735931396
0.1,60.0,2,1,1,9984,0,12,84.0143370628357
0.1,61.5,3,0,0,9980,0,17,116.81347799301147
0.1,63.0,5,0,1,9981,0,13,155.9977638721466
0.1,64.5,1,1,0,9986,0,12,147.97911739349365
0.1,66.0,0,0,0,9978,0,22,88.92057585716248
0.1,67.5,2,0,0,9988,0,10,97.81386995315552
0.1,69.0,0,0,0,9985,0,15,131.95384097099304
0.1,70.5,1,0,0,9987,0,12,87.01177763938904
0.1,72.0,3,0,0,9980,0,17,115.42165994644165
0.1,73.5,1,0,0,9983,0,16,125.1184937953949
0.1,75.0,0,0,0,9990,0,10,88.67093777656555
0.1,76.5,0,0,0,9986,0,14,108.1595106124878
0.1,78.0,0,0,0,9989,0,11,106.64303183555603
0.1,79.5,0,0,0,9985,0,15,56.971797466278076
1.0,0.0,4,16,18,962,0,0,0
1.0,2.0,9,17,14,959,0,1,0
1.0,4.0,5,16,16,962,0,1,0
1.0,6.0,4,4,9,983,0,0,0
1.0,8.0,6,12,12,969,0,1,0
1.0,10.0,2,8,10,979,0,1,0
1.0,12.0,3,9,6,981,0,1,0
1.0,14.0,2,13,9,976,0,0,0
1.0,16.0,3,7,9,981,0,0,0
1.0,18.0,0,4,7,988,0,1,0
1.0,20.0,0,3,3,994,0,0,0
1.0,22.0,1,0,1,997,0,1,0
1.0,24.0,2,0,0,998,0,0,0
1.0,26.0,0,0,1,995,0,4,0
1.0,28.0,0,1,0,999,0,0,0
1.0,30.0,0,0,0,1000,0,0,0
1.0,32.0,1,0,1,998,0,0,0
1.0,34.0,0,1,0,999,0,0,0
1.0,36.0,0,0,0,1000,0,0,0
1.0,38.0,0,0,0,1000,0,0,0
10.0,0.0,49,100,107,9743,0,1,84.71640682220459
10.0,0.5,53,100,105,9742,0,0,92.98353576660156
10.0,1.0,59,88,102,9749,0,2,90.58315587043762
10.0,1.5,43,94,87,9774,0,2,89.74298977851868
10.0,2.0,36,70,84,9805,0,5,83.57663321495056
10.0,2.5,24,59,72,9843,0,2,79.38346123695374
10.0,3.0,39,68,63,9830,0,0,89.56367564201355
10.0,3.5,28,67,63,9839,0,3,92.61389970779419
10.0,4.0,24,57,64,9854,0,1,85.69880843162537
10.0,4.5,31,50,42,9875,0,2,81.94558930397034
10.0,5.0,27,53,49,9870,0,1,100.3547134399414
10.0,5.5,23,42,43,9889,0,3,98.5555329322815
10.0,6.0,24,43,33,9898,0,2,94.24094700813293
10.0,6.5,24,38,40,9896,0,2,83.52553725242615
10.0,7.0,15,42,38,9903,0,2,79.58186745643616
10.0,7.5,25,48,47,9879,0,1,96.94810891151428
10.0,8.0,19,38,42,9900,0,1,94.33154225349426
10.0,8.5,17,40,47,9896,0,0,91.01294803619385
10.0,9.0,13,39,37,9907,0,4,78.64801859855652
10.0,9.5,14,39,36,9910,0,1,100.75636601448059
10.0,10.0,14,40,29,9916,0,1,96.86045241355896
10.0,10.5,15,27,22,9935,0,1,100.73432445526123
10.0,11.0,14,29,31,9925,0,1,67.33296251296997
10.0,11.5,10,35,22,9933,0,0,118.94731903076172
10.0,12.0,6,25,33,9935,0,1,107.3522891998291
10.0,12.5,8,13,20,9957,0,2,115.55804944038391
10.0,13.0,3,21,22,9952,0,2,92.4596586227417
10.0,13.5,3,25,22,9947,0,3,105.47556114196777
10.0,14.0,3,23,10,9963,0,1,78.88847231864929
10.0,14.5,2,19,11,9966,0,2,103.26379656791687
10.0,15.0,2,14,14,9968,0,2,109.0225899219513
10.0,15.5,5,10,8,9974,0,3,81.90050888061523
10.0,16.0,5,12,3,9978,0,2,142.4219229221344
10.0,16.5,2,9,9,9979,0,1,143.3215856552124
10.0,17.0,3,3,4,9989,0,1,135.06379795074463
10.0,17.5,0,7,8,9983,0,2,85.28460216522217
10.0,18.0,3,4,2,9989,0,2,115.39071488380432
10.0,18.5,3,1,5,9990,0,1,109.73618936538696
10.0,19.0,7,3,6,9982,0,2,134.27060270309448
10.0,19.5,1,1,4,9991,0,3,81.36122179031372
10.0,20.0,2,2,4,9991,0,1,79.39232540130615
10.0,20.5,5,2,3,9989,0,1,149.88836026191711
10.0,21.0,0,1,0,9999,0,0,135.83048391342163
10.0,21.5,1,0,1,9998,0,0,131.5101888179779
10.0,22.0,2,1,1,9996,0,0,92.42657494544983
10.0,22.5,2,0,1,9995,0,2,140.35516333580017
10.0,23.0,1,0,0,9998,0,1,85.01791191101074
10.0,23.5,0,0,1,9998,0,1,143.27686762809753
10.0,24.0,1,0,1,9998,0,0,164.0148684978485
10.0,24.5,3,0,1,9995,0,1,87.97744560241699
10.0,25.0,3,0,0,9996,0,1,122.43075633049011
10.0,25.5,0,0,0,9996,0,4,131.83144116401672
10.0,26.0,1,0,1,9996,0,2,85.15097761154175
10.0,26.5,2,1,0,9996,0,1,131.45771741867065
10.0,27.0,1,1,0,9998,0,0,135.9062683582306
10.0,2	6,0,4,90.16906356811523
10.0,28.0,1,0,0,9999,0,0,166.49110674858093
10.0,28.5,3,0,0,9996,0,1,138.20773839950562
10.0,29.0,0,0,0,10000,0,0,92.30406522750854
10.0,29.5,1,0,0,9997,0,2,81.59602642059326
10.0,30.0,1,0,0,9996,0,3,31.637356519699097
10.0,30.5,0,0,0,9997,0,3,86.7030861377716
10.0,31.0,0,0,0,9998,0,2,150.64047026634216
10.0,31.5,0,0,0,10000,0,0,163.62215852737427
10.0,32.0,0,0,0,9996,0,4,157.46807312965393
10.0,32.5,0,0,0,9999,0,1,77.95936918258667
10.0,33.0,0,0,0,10000,0,0,21.27194333076477
100.0,0.0,145,9,15,59826,0,5,740.575092792511
100.0,0.4,116,14,10,59857,0,3,501.87848019599915
100.0,0.8,77,13,5,59901,0,4,776.0346202850342
100.0,1.2,60,10,7,59918,0,5,644.5073761940002
100.0,1.6,46,15,19,59918,0,2,781.3007981777191
100.0,2.0,32,13,19,59935,0,1,812.7057056427002
100.0,2.4,32,10,16,59942,0,0,542.3403933048248
100.0,2.8,37,11,17,59932,0,3,824.4671385288239
100.0,3.2,28,18,17,59934,0,3,536.5390202999115
100.0,3.6,27,19,11,59935,0,8,773.7843370437622
100.0,4.0,45,19,12,59919,0,5,847.6942250728607
100.0,4.4,28,21,11,59936,0,4,824.6100392341614
100.0,4.8,18,16,14,59948,0,4,549.5601751804352
100.0,5.2,15,26,21,59936,0,2,835.3289651870728
100.0,5.6,12,19,11,59957,0,1,757.4170184135437
100.0,6.0,9,18,18,59954,0,1,533.0342133045197
100.0,6.4,10,23,16,59949,0,2,853.3690328598022
100.0,6.8,10,15,15,59956,0,4,885.162125825882
100.0,7.2,4,23,13,59958,0,2,538.0826930999756
100.0,7.6,8,14,7,59969,0,2,942.511262178421
100.0,8.0,9,8,11,59970,0,2,839.8987555503845
100.0,8.4,5,4,10,59979,0,2,557.3637003898621
100.0,8.8,13,3,3,59978,0,3,810.4768106937408
100.0,9.2,13,5,5,59973,0,4,544.9273748397827
100.0,9.6,16,3,6,59969,0,6,880.1448543071747
100.0,10.0,5,3,2,59989,0,1,889.7562761306763
100.0,10.4,9,3,3,59982,0,3,534.4766643047333
100.0,10.8,12,4,5,59976,0,3,855.0674195289612
100.0,11.2,12,5,4,59977,0,2,825.4652528762817
100.0,11.6,11,2,1,59984,0,2,897.1711938381195
100.0,12.0,7,0,0,59991,0,2,541.698739528656
100.0,12.4,5,0,1,59993,0,1,809.4294469356537
100.0,12.8,2,0,0,59996,0,2,531.9985666275024
100.0,13.2,3,0,0,59996,0,1,805.2397367954254
100.0,13.6,2,0,0,59997,0,1,840.5249392986298
100.0,14.0,3,0,0,59995,0,2,532.9228773117065
100.0,14.4,0,0,0,59996,0,4,883.5979375839233
100.0,14.8,1,0,0,59996,0,3,830.1930084228516
100.0,15.2,0,0,0,59997,0,3,558.9876697063446
100.0,15.6,0,0,0,59998,0,2,995.084156036377
100.0,16.0,0,0,0,59997,0,3,844.6748871803284
100.0,16.4,0,0,0,59997,0,3,561.5476994514465
100.0,16.8,0,0,0,59997,0,3,924.4227147102356
100.0,17.2,0,0,0,59998,0,2,921.352986574173
100.0,17.6,0,0,0,59999,0,1,532.7912158966064
100.0,18.0,0,0,0,59996,0,4,895.624902009964
100.0,18.4,0,0,0,59998,0,2,906.3808825016022
100.0,18.8,0,0,0,59999,0,1,528.100771188736
100.0,19.2,0,0,0,59997,0,3,725.9909076690674
100.0,19.6,0,0,0,60000,0,0,479.06243228912354
100.0,20.0,0,0,0,59995,0,5,526.3303864002228
30.0,3.0,9,9,4,4978,0,0,113.85606026649475
30.0,2.0,8,3,9,4980,0,0,151.04631519317627
30.0,2.5,7,8,9,4976,0,0,151.45231819152832
30.0,1.5,10,7,8,4975,0,0,153.463285446167
30.0,0.5,20,15,19,4946,0,0,156.70567536354065
30.0,3.5,7,12,13,4968,0,0,148.5927336215973
30.0,0.0,18,10,11,4960,0,1,158.3050458431244
30.0,1.0,20,8,15,4957,0,0,158.7446892261505
30.0,4.0,6,5,9,4980,0,0,96.59238505363464
30.0,4.5,6,5,4,4985,0,0,159.09828448295593
30.0,6.0,2,11,7,4980,0,0,157.48594856262207
30.0,5.0,12,4,6,4978,0,0,168.70003652572632
30.0,7.5,2,8,5,4985,0,0,166.27947545051575
30.0,6.5,3,8,4,4985,0,0,166.51351261138916
30.0,7.0,3,6,10,4981,0,0,170.06176114082336
30.0,5.5,6,11,7,4975,0,1,168.43205285072327
30.0,8.0,2,3,9,4985,0,1,105.09090280532837
30.0,8.5,5,7,9,4978,0,1,132.24932146072388
30.0,9.0,4,5,8,4983,0,0,150.67110538482666
30.0,12.0,1,2,5,4992,0,0,134.39121413230896
30.0,10.0,4,3,0,4993,0,0,156.58401107788086
30.0,10.5,2,1,5,4991,0,1,159.86049246788025
30.0,9.5,6,6,8,4980,0,0,166.69231057167053
30.0,11.0,3,8,2,4985,0,2,160.11896467208862
30.0,11.5,2,1,2,4994,0,1,168.16921472549438
30.0,13.0,1,1,2,4995,0,1,141.94773030281067
30.0,12.5,1,1,1,4997,0,0,166.46170234680176
30.0,13.5,1,2,0,4995,0,2,175.33772563934326
30.0,14.0,2,0,1,4997,0,0,177.22032356262207
30.0,14.5,0,1,2,4995,0,2,179.39444994926453
30.0,15.0,0,0,2,4998,0,0,185.94966650009155
30.0,16.0,1,0,1,4998,0,0,179.36186051368713
30.0,15.5,0,0,1,4998,0,1,190.68057584762573
30.0,16.5,2,0,1,4996,0,1,137.07444190979004
30.0,17.0,1,1,1,4996,0,1,184.28196096420288
30.0,18.0,1,0,0,4996,0,3,178.46396231651306
30.0,17.5,1,0,0,4998,0,1,192.01508235931396
30.0,19.5,1,0,1,4998,0,0,184.26983070373535
30.0,19.0,0,0,0,4999,0,1,190.99712204933167
30.0,18.5,2,0,0,4998,0,0,195.51084971427917
30.0,20.0,0,0,0,5000,0,0,192.6327292919159
30.0,20.5,1,0,0,4999,0,0,168.8745858669281
30.0,21.0,1,0,0,4999,0,0,192.00501608848572
30.0,21.5,1,1,0,4998,0,0,181.97991752624512
30.0,22.0,1,0,0,4999,0,0,187.58361744880676
30.0,22.5,0,0,0,5000,0,0,180.58510303497314
30.0,23.0,0,0,0,5000,0,0,185.2390570640564
30.0,24.0,0,0,0,4999,0,1,186.8668177127838
30.0,23.5,0,0,0,5000,0,0,195.59878635406494
30.0,24.5,0,0,0,5000,0,0,152.53577947616577
30.0,25.0,0,0,0,5000,0,0,201.2319312095642
30.0,26.0,1,0,0,4999,0,0,184.93324279785156
30.0,25.5,0,0,0,5000,0,0,190.53927445411682
30.0,26.5,0,0,0,4999,0,1,190.2501540184021
30.0,27.0,0,0,0,4999,0,1,190.80776929855347
30.0,27.5,0,0,0,4999,0,1,187.11504125595093
30.0,28.5,0,0,0,5000,0,0,155.29679560661316
30.0,28.0,0,0,0,4999,0,1,188.68835163116455
30.0,29.0,0,0,0,5000,0,0,56.797080278396606
30.0,30.0,0,0,0,5000,0,0,53.26506805419922
30.0,29.5,1,0,0,4998,0,1,13.385153532028198
50.0,0.8,15,2,6,4976,0,1,134.19498229026794
50.0,1.6,5,4,7,4984,0,0,139.58486032485962
50.0,1.2,6,6,5,4983,0,0,145.34968781471252
50.0,0.4,10,7,4,4977,0,2,150.63047647476196
50.0,0.0,14,1,6,4978,0,1,152.11165952682495
50.0,2.0,2,8,0,4990,0,0,151.15932750701904
50.0,2.8,4,2,12,4980,0,2,148.11101984977722
50.0,2.4,5,1,2,4992,0,0,156.43509674072266
50.0,3.2,6,5,3,4986,0,0,113.93159914016724
50.0,3.6,3,3,5,4988,0,1,144.58909368515015
50.0,4.0,5,4,2,4988,0,1,155.90664505958557
50.0,5.6,3,3,4,4989,0,1,161.3902292251587
50.0,5.2,2,1,4,4993,0,0,163.38837051391602
50.0,4.8,9,4,4,4983,0,0,168.8697600364685
50.0,6.0,2,4,4,4989,0,1,167.71150851249695
50.0,4.4,4,3,2,4991,0,0,173.8022129535675
50.0,6.4,0,4,4,4992,0,0,165.6055657863617
50.0,6.8,0,3,5,4992,0,0,175.77246356010437
50.0,8.8,1,0,4,4995,0,0,140.60744786262512
50.0,7.2,1,7,7,4985,0,0,170.37422490119934
50.0,8.0,1,2,3,4994,0,0,176.7228000164032
50.0,7.6,1,4,8,4987,0,0,182.78187251091003
50.0,8.4,2,3,4,4991,0,0,182.61116528511047
50.0,9.2,1,2,2,4995,0,0,180.1746277809143
50.0,9.6,2,2,1,4995,0,0,166.78249645233154
50.0,10.0,1,3,0,4994,0,2,167.15774059295654
50.0,10.4,2,1,0,4997,0,0,188.0119812488556
50.0,10.8,2,1,2,4995,0,0,191.00706124305725
50.0,11.2,0,0,0,5000,0,0,191.28889083862305
50.0,11.6,0,1,2,4997,0,0,187.64944291114807
50.0,12.0,4,1,1,4993,0,1,195.69255661964417
50.0,12.4,1,1,1,4997,0,0,190.911199092865
50.0,12.8,0,0,0,5000,0,0,154.23873472213745
50.0,13.2,1,0,1,4998,0,0,193.32429218292236
50.0,13.6,1,2,1,4996,0,0,187.55308198928833
50.0,15.2,0,0,0,5000,0,0,170.7343945503235
50.0,14.0,0,0,0,5000,0,0,197.13799810409546
50.0,14.4,1,0,0,4999,0,0,191.84562969207764
50.0,14.8,0,0,0,4998,0,2,191.56088161468506
50.0,15.6,1,0,1,4997,0,1,192.52566194534302
50.0,16.0,0,0,0,5000,0,0,174.98936295509338
50.0,16.4,0,0,0,5000,0,0,188.1218979358673
50.0,16.8,0,1,0,4999,0,0,189.16240644454956
50.0,18.0,0,0,1,4999,0,0,170.3541121482849
50.0,17.2,0,0,0,5000,0,0,191.63578844070435
50.0,17.6,0,0,0,4999,0,1,193.0162763595581
50.0,18.4,0,0,0,4999,0,1,189.44668221473694
50.0,18.8,0,0,0,4999,0,1,193.2005386352539
50.0,19.2,0,0,0,5000,0,0,159.51692271232605
50.0,19.6,0,0,0,4999,0,1,92.73900723457336
50.0,20.0,0,0,0,5000,0,0,63.50047492980957
20.0,3.5,8,14,13,4965,0,0,133.02923583984375
20.0,0.0,28,30,30,4912,0,0,147.63221836090088
20.0,0.5,20,25,22,4933,0,0,154.25491046905518
20.0,1.5,13,24,21,4941,0,1,154.34940242767334
20.0,1.0,18,27,25,4930,0,0,154.65148448944092
20.0,2.5,16,12,18,4954,0,0,152.79189920425415
20.0,3.0,11,22,11,4956,0,0,154.1617033481598
20.0,2.0,13,16,17,4954,0,0,156.48237252235413
20.0,4.0,9,10,12,4969,0,0,117.79012894630432
20.0,4.5,6,10,11,4973,0,0,125.01366448402405
20.0,5.0,8,14,6,4971,0,1,128.0260922908783
20.0,5.5,8,16,19,4956,0,1,128.50316619873047
20.0,6.0,4,13,14,4969,0,0,138.12497735023499
20.0,6.5,7,11,8,4974,0,0,148.8175187110901
20.0,7.0,5,11,11,4971,0,2,153.38803052902222
20.0,7.5,6,11,9,4974,0,0,156.09451413154602
20.0,8.5,4,13,8,4975,0,0,132.09424781799316
20.0,8.0,3,13,12,4971,0,1,147.65853428840637
20.0,9.0,4,5,8,4981,0,2,164.4479832649231
20.0,10.0,2,4,10,4984,0,0,162.577538728714
20.0,9.5,2,8,7,4983,0,0,178.1763939857483
20.0,11.0,5,4,7,4983,0,1,161.37505435943604
20.0,10.5,5,5,8,4982,0,0,168.5574197769165
20.0,11.5,0,6,5,4989,0,0,171.5395839214325
20.0,12.0,0,7,5,4988,0,0,171.3154420852661
20.0,12.5,1,4,4,4991,0,0,169.0735182762146
20.0,14.0,2,2,0,4995,0,1,139.94681549072266
20.0,13.0,1,1,1,4997,0,0,158.4788839817047
20.0,13.5,4,5,1,4990,0,0,168.05164217948914
20.0,14.5,2,2,1,4995,0,0,173.58020424842834
20.0,15.0,0,2,2,4996,0,0,167.9846704006195
20.0,15.5,0,2,3,4995,0,0,175.5974404811859
20.0,17.0,2,1,1,4995,0,1,149.28154349327087
20.0,16.0,0,0,0,4998,0,2,181.73129868507385
20.0,16.5,1,0,0,4999,0,0,183.52911520004272
20.0,17.5,3,2,2,4992,0,1,176.76331067085266
20.0,18.0,0,0,1,4999,0,0,173.32104682922363
20.0,19.0,0,0,0,5000,0,0,177.32905054092407
20.0,18.5,2,0,0,4998,0,0,181.4713578224182
20.0,19.5,1,0,0,4999,0,0,175.0861461162567
20.0,20.0,0,0,0,5000,0,0,150.56785893440247
20.0,20.5,1,0,0,4999,0,0,182.37993788719177
20.0,21.0,0,0,0,5000,0,0,184.00663471221924
20.0,21.5,0,0,0,4999,0,1,180.43717098236084
20.0,22.0,0,0,1,4999,0,0,175.7732810974121
20.0,22.5,0,0,1,4999,0,0,176.58340334892273
20.0,23.0,0,0,1,4999,0,0,177.1507966518402
20.0,23.5,0,0,0,5000,0,0,170.7666687965393
20.0,24.0,0,0,0,5000,0,0,153.51769471168518
15.0,0.0,23,36,32,4909,0,0,116.4746150970459
20.0,24.5,0,0,0,4999,0,1,169.17414903640747
20.0,25.0,0,0,0,5000,0,0,170.38661313056946
15.0,0.5,18,36,47,4897,0,2,157.50613403320312
15.0,1.0,21,38,34,4906,0,1,146.3924424648285
15.0,1.5,15,38,40,4907,0,0,162.73578023910522
15.0,2.0,12,30,27,4931,0,0,151.80298852920532
15.0,2.5,14,21,28,4937,0,0,149.14719080924988
15.0,3.0,14,17,17,4952,0,0,147.54142379760742
15.0,4.0,14,19,18,4949,0,0,134.54757022857666
15.0,3.5,5,20,27,4948,0,0,172.46693086624146
15.0,4.5,9,17,15,4959,0,0,172.45408654212952
15.0,5.0,9,13,24,4954,0,0,173.79697442054749
15.0,5.5,8,25,20,4947,0,0,164.6621241569519
15.0,6.0,6,14,15,4965,0,0,172.56480169296265
15.0,6.5,8,17,19,4956,0,0,158.88968062400818
15.0,7.0,11,16,16,4956,0,1,153.87646865844727
15.0,7.5,12,13,13,4961,0,1,136.35663962364197
15.0,8.0,5,16,13,4966,0,0,128.81853032112122
15.0,8.5,6,17,11,4965,0,1,122.11979722976685
15.0,9.0,4,13,10,4973,0,0,151.9398169517517
15.0,9.5,4,16,13,4967,0,0,144.67240262031555
15.0,10.0,4,3,14,4979,0,0,155.509272813797
15.0,10.5,5,6,11,4974,0,4,155.01430130004883
15.0,11.0,2,13,8,4976,0,1,166.79607605934143
15.0,11.5,1,6,8,4985,0,0,175.28708243370056
15.0,12.5,3,1,9,4987,0,0,147.34288263320923
15.0,12.0,4,4,2,4990,0,0,164.4834849834442
15.0,13.0,1,11,6,4981,0,1,170.7555058002472
15.0,13.5,0,7,5,4986,0,2,172.18977522850037
15.0,14.0,1,4,7,4988,0,0,182.34482097625732
15.0,14.5,2,5,6,4987,0,0,172.7920696735382
15.0,15.0,6,0,3,4991,0,0,162.1918842792511
15.0,15.5,1,2,1,4996,0,0,167.27691555023193
15.0,16.5,1,1,0,4997,0,1,171.81656074523926
15.0,16.0,0,2,6,4992,0,0,172.6217532157898
15.0,17.0,0,3,2,4994,0,1,179.84059119224548
15.0,17.5,2,0,5,4993,0,0,186.94203352928162
15.0,18.5,0,1,3,4995,0,1,158.96196961402893
15.0,18.0,6,1,1,4991,0,1,184.04928421974182
15.0,19.0,3,2,1,4994,0,0,184.20760083198547
15.0,19.5,1,0,0,4997,0,2,176.07333850860596
15.0,20.5,0,1,0,4997,0,2,168.9849817752838
15.0,20.0,0,0,0,4999,0,1,185.29895901679993
15.0,21.0,1,1,0,4998,0,0,180.76707363128662
15.0,21.5,0,0,1,4999,0,0,182.67176818847656
15.0,22.0,1,0,0,4999,0,0,189.49463987350464
15.0,22.5,0,0,0,5000,0,0,191.9426827430725
15.0,23.0,1,1,0,4996,0,2,153.28735780715942
15.0,23.5,0,0,0,4998,0,2,170.49471855163574
15.0,24.0,0,0,0,4999,0,1,152.07501029968262
15.0,24.5,0,1,1,4997,0,1,136.77707386016846
15.0,25.0,0,0,0,5000,0,0,85.29301834106445
25.0,1.5,17,15,12,4956,0,0,131.33336472511292
25.0,1.0,17,7,18,4958,0,0,142.98560452461243
25.0,3.0,9,8,13,4970,0,0,144.43675565719604
25.0,3.5,10,8,11,4970,0,1,145.39767861366272
25.0,2.5,6,11,9,4972,0,2,146.09398198127747
25.0,2.0,11,14,6,4968,0,1,147.32145309448242
25.0,0.0,35,15,26,4924,0,0,147.71752452850342
25.0,0.5,24,19,15,4942,0,0,147.58475017547607
25.0,4.0,12,11,7,4970,0,0,107.5116913318634
25.0,4.5,6,12,13,4969,0,0,147.6603844165802
25.0,6.0,9,11,5,4975,0,0,168.8763349056244
25.0,5.0,10,12,5,4973,0,0,169.20710706710815
25.0,7.0,3,10,8,4979,0,0,162.13417720794678
25.0,6.5,2,12,6,4980,0,0,167.16317653656006
25.0,7.5,5,8,7,4980,0,0,168.80708074569702
25.0,5.5,5,13,11,4971,0,0,179.22849202156067
25.0,8.0,6,5,8,4981,0,0,144.45386600494385
25.0,8.5,4,8,7,4980,0,1,112.34100413322449
25.0,9.5,0,3,6,4989,0,2,162.25014185905457
25.0,10.0,2,3,6,4989,0,0,166.37800407409668
25.0,9.0,1,8,4,4987,0,0,171.1512632369995
25.0,11.5,2,4,4,4989,0,1,164.58920884132385
25.0,10.5,3,8,3,4986,0,0,169.9192259311676
25.0,11.0,1,6,5,4988,0,0,175.5852026939392
25.0,12.5,1,4,1,4994,0,0,134.65612745285034
25.0,12.0,1,6,4,4989,0,0,158.2246515750885
25.0,15.0,0,2,0,4998,0,0,171.21713876724243
25.0,13.0,0,2,2,4996,0,0,183.09090280532837
25.0,13.5,1,2,3,4994,0,0,185.2922511100769
25.0,14.5,0,1,3,4996,0,0,186.16245126724243
25.0,14.0,1,1,3,4994,0,1,186.486634016037
25.0,15.5,1,1,1,4996,0,1,182.6608030796051
25.0,16.5,2,1,0,4997,0,0,140.58477425575256
25.0,16.0,0,3,0,4997,0,0,141.42626190185547
25.0,17.0,0,0,0,5000,0,0,286.5770220756531
25.0,18.5,0,0,0,5000,0,0,358.10316133499146
25.0,17.5,0,0,0,5000,0,0,359.5666501522064
25.0,22.0,0,0,0,4999,0,1,359.79960322380066
25.0,19.0,2,1,0,4997,0,0,360.8093247413635
25.0,24.0,1,0,0,4998,0,1,362.11831164360046
25.0,21.0,1,0,1,4997,0,1,362.25949597358704
25.0,23.5,0,0,0,4998,0,2,363.3184051513672
25.0,24.5,1,0,0,4998,0,1,364.0262734889984
25.0,20.5,0,0,1,4999,0,0,364.5497980117798
25.0,18.0,1,2,0,4997,0,0,365.0802597999573
25.0,19.5,1,0,1,4998,0,0,365.71050930023193
25.0,23.0,0,0,0,5000,0,0,366.08243560791016
25.0,21.5,0,0,1,4999,0,0,365.9752285480499
25.0,25.0,0,0,0,5000,0,0,366.53993225097656
25.0,20.0,1,0,0,4998,0,1,366.37358045578003
25.0,22.5,2,0,0,4997,0,1,18.809826374053955
0.05,12.0,46,69,62,4809,0,14,533.0676443576813
0.05,54.0,2,1,1,4984,0,12,618.8773591518402
0.05,0.0,75,122,146,4649,0,8,624.8922040462494
0.05,50.0,1,3,2,4987,0,7,641.7895891666412
0.05,10.0,36,83,74,4803,0,4,641.8904838562012
0.05,34.0,7,31,32,4924,0,6,642.7785477638245
0.05,44.0,6,13,7,4963,0,11,654.8861608505249
0.05,60.0,1,5,4,4979,0,11,655.7609400749207
0.05,48.0,3,6,4,4977,0,10,656.9134123325348
0.05,38.0,6,7,20,4956,0,11,659.1434535980225
0.05,22.0,21,79,73,4814,0,13,660.3851056098938
0.05,24.0,13,48,67,4864,0,8,661.3185048103333
0.05,40.0,9,9,11,4963,0,8,671.0805401802063
0.05,20.0,25,65,77,4827,0,6,673.0242359638214
0.05,52.0,0,5,3,4986,0,6,673.717453956604
0.05,56.0,0,6,3,4983,0,8,679.0582330226898
0.05,16.0,42,52,86,4804,0,16,680.3743016719818
0.05,32.0,10,34,35,4912,0,9,682.6505634784698
0.05,62.0,0,0,1,4985,0,14,690.7017617225647
0.05,42.0,9,11,10,4965,0,5,692.6902029514313
0.05,36.0,11,19,19,4939,0,12,693.012423992157
0.05,58.0,1,2,2,4983,0,12,699.9973511695862
0.05,46.0,6,6,8,4968,0,12,701.434689283371
0.05,26.0,16,70,62,4840,0,12,702.4704401493073
0.05,30.0,14,47,55,4876,0,8,712.5245208740234
0.05,18.0,42,88,74,4790,0,6,718.6442885398865
0.05,4.0,48,99,104,4740,0,9,720.7595298290253
0.05,14.0,37,64,67,4818,0,14,724.2497942447662
0.05,2.0,70,140,130,4652,0,8,724.249183177948
0.05,6.0,52,92,89,4757,0,10,744.0343677997589
0.05,28.0,25,38,65,4862,0,10,746.3562722206116
0.05,8.0,47,91,88,4764,0,10,758.3269119262695
0.05,64.0,0,2,0,4993,0,5,430.8402895927429
0.05,68.0,1,0,1,4990,0,8,465.44429111480713
0.05,74.0,0,0,0,4990,0,10,453.4149327278137
0.05,70.0,2,0,0,4987,0,11,468.21666979789734
0.05,66.0,1,1,0,4992,0,6,493.8295066356659
0.05,78.0,0,0,0,4987,0,13,457.9636833667755
0.05,72.0,0,0,0,4992,0,8,470.79407572746277
0.05,82.0,0,0,0,4991,0,9,459.1555178165436
0.05,90.0,0,1,0,4985,0,14,442.208370923996
0.05,94.0,0,0,0,4996,0,4,442.1777608394623
0.05,96.0,0,0,0,4994,0,6,442.15104508399963
0.05,86.0,0,0,0,4994,0,6,460.90676379203796
0.05,80.0,0,1,0,4996,0,3,461.69768166542053
0.05,84.0,0,0,0,4993,0,7,459.90830540657043
0.05,76.0,1,0,0,4991,0,8,463.5399339199066
0.05,92.0,0,0,0,4987,0,13,448.68699193000793
0.05,98.0,0,0,0,4987,0,13,442.3551023006439
0.05,88.0,0,0,0,4989,0,11,450.4656572341919
0.05,100.0,0,0,0,4992,0,8,430.98745250701904
0.005,44.2,23,54,75,4822,0,26,576.6326208114624
0.005,30.6,42,104,119,4697,0,38,601.7571883201599
0.005,91.8,2,3,2,4966,0,27,602.1401126384735
0.005,102.0,0,0,1,4979,0,20,606.367279291153
0.005,74.8,4,3,3,4947,0,43,608.6648440361023
0.005,54.4,7,28,28,4910,0,27,620.0483884811401
0.005,10.2,65,130,135,4644,0,26,622.3745267391205
0.005,88.4,0,1,4,4941,0,54,626.0740482807159
0.005,81.6,2,6,2,4958,0,32,628.9678671360016
0.005,95.2,0,0,1,4969,0,30,636.480265378952
0.005,64.6,16,9,13,4935,0,27,639.6971457004547
0.005,0.0,107,196,193,4471,0,33,644.926905632019
0.005,34.0,22,117,107,4722,0,32,647.1404967308044
0.005,98.6,2,0,1,4961,0,36,660.3029503822327
0.005,85.0,1,4,5,4955,0,35,660.7194962501526
0.005,68.0,6,7,4,4949,0,34,671.6635687351227
0.005,27.2,48,104,96,4726,0,26,675.6302616596222
0.005,6.8,86,166,148,4561,0,39,683.8113121986389
0.005,105.4,0,0,0,4963,0,37,683.8197507858276
0.005,51.0,17,45,32,4887,0,19,686.9937469959259
0.005,61.2,12,9,12,4933,0,34,695.2616083621979
0.005,71.4,6,2,3,4959,0,30,700.9083392620087
0.005,23.8,48,97,87,4734,0,34,708.4746673107147
0.005,57.8,9,20,18,4914,0,39,708.6106858253479
0.005,17.0,70,92,111,4697,0,30,715.2163524627686
0.005,37.4,26,96,87,4766,0,25,718.0819835662842
0.005,20.4,60,136,111,4670,0,23,721.5163774490356
0.005,13.6,66,121,115,4670,0,28,725.8050866127014
0.005,3.4,100,194,188,4491,0,27,727.1687498092651
0.005,47.6,21,55,49,4840,0,35,727.3340835571289
0.005,78.2,4,9,4,4957,0,26,750.2291791439056
0.005,40.8,39,81,82,4766,0,32,786.0029265880585
0.005,108.8,1,1,2,4959,0,37,418.762845993042
0.005,136.0,0,0,0,4955,0,45,471.8302104473114
0.005,122.4,1,0,1,4958,0,40,493.1343550682068
0.005,119.0,0,1,1,4967,0,31,493.2261505126953
0.005,115.6,2,0,1,4967,0,30,495.7031886577606
0.005,129.2,1,0,1,4968,0,30,482.14208340644836
0.005,112.2,0,0,0,4970,0,30,505.3120028972626
0.005,125.8,1,0,0,4966,0,33,486.0173740386963
0.005,132.6,0,0,0,4971,0,29,487.77118611335754
0.005,149.6,0,0,0,4958,0,42,465.97146487236023
0.005,153.0,0,0,2,4957,0,41,455.4565382003784
0.005,142.8,0,0,0,4964,0,36,475.79907178878784
0.005,139.4,0,0,0,4965,0,35,478.62809228897095
0.005,156.4,0,1,0,4960,0,39,459.1627154350281
0.005,146.2,0,0,0,4966,0,34,475.7969653606415
0.005,163.2,0,0,0,4973,0,27,443.83735275268555
0.005,159.8,0,0,1,4963,0,36,446.2120249271393
0.005,170.0,0,0,0,4958,0,42,440.9548897743225
0.005,166.6,1,0,0,4947,0,52,441.1005628108978